feature1	feature2	feature3	feature4	feature5	feature6	feature7	feature8	feature9	feature10
0.53255	0.95075	136.492	-0.19240	0.34572	-0.22501	117.744	0.16682	-0.23379	-0.11965
0.21159	107.214	117.889	-0.48132	-0.45437	-0.56898	-0.52677	0.41002	-113.436	-0.36166
0.38371	0.94020	0.86377	-0.03951	0.28731	-0.27388	0.78295	0.81507	-0.31430	-0.28540
0.60340	0.21696	0.44803	-0.61203	0.05182	-0.07958	0.69772	0.47813	-0.02585	-0.00550
0.57474	0.84201	0.80161	0.13320	-0.31464	-0.25153	0.14285	0.49847	-0.56611	-0.23461
115.477	0.05233	0.42809	0.09547	-0.35819	0.20932	0.87314	-0.08550	0.20457	0.20292
0.76088	-0.54551	-0.65135	-0.76818	-0.36986	0.11971	0.11664	0.88988	0.20472	0.09478
0.38655	118.527	151.748	-0.19101	0.15002	-0.38921	0.69186	0.20775	-0.60710	-0.24372
-0.24481	125.302	112.695	-0.79610	112.536	-0.56919	118.046	140.341	-0.37150	-0.49959
0.16259	0.20180	121.516	-212.608	0.48242	-0.36540	0.86002	-0.05386	-0.23609	0.08638
0.37149	-0.23783	-0.32970	-117.913	0.06565	-0.10506	0.26149	113.816	0.04454	-0.05589
0.13471	0.71447	133.653	-129.373	0.92439	-0.34990	148.487	0.40855	-0.08078	-0.10134
0.35237	106.550	0.80001	0.21158	0.47799	-0.25962	100.746	107.954	-0.21715	-0.35671
-0.23145	0.05377	0.62001	-264.597	0.00000	-0.63072	-0.53502	0.58475	-0.80919	-0.13597
0.17497	0.67369	0.49391	-0.59018	0.26619	-0.35058	0.39523	113.151	-0.37769	-0.31679
0.75313	0.56507	0.75486	0.03934	0.09879	-0.03440	102.437	0.34876	-0.00541	-0.04287
108.972	0.52815	0.83580	0.44904	-0.69483	0.02426	0.32806	-0.22861	-0.31653	0.04666
0.16964	0.25243	0.65800	-157.030	-0.11670	-0.41486	-0.13878	0.44879	-0.59645	-0.10691
-0.21385	0.93375	0.18341	-0.52997	0.51016	-0.53648	0.13602	202.326	-0.55082	-0.61244
0.60287	0.61319	0.50951	0.05500	-0.05407	-0.13507	0.53099	0.71509	-0.22421	-0.17834
-0.16577	108.655	0.83680	-0.75340	0.51034	-0.59030	0.32078	135.589	-0.67275	-0.50729
0.10063	-0.10771	-0.36401	-143.344	-0.11234	-0.31720	-0.40640	138.547	-0.36453	-0.21373
0.35259	0.97349	157.249	-0.67418	0.38458	-0.35771	101.640	0.05478	-0.41218	-0.12938
0.35581	0.84770	0.99945	-0.36019	0.55733	-0.24941	117.924	0.67847	-0.13368	-0.20204
0.98720	0.48128	0.69787	0.35099	-0.14702	0.08115	0.98234	0.13127	0.05029	0.03586
-0.14991	0.63240	0.17007	-0.98917	0.18833	-0.53346	-0.24575	163.575	-0.65791	-0.47745
0.42174	0.18105	0.27248	-0.94933	-0.83523	-0.34093	-0.92894	0.46553	-0.82782	-0.13701
0.19779	0.31522	0.11900	-0.87445	0.21769	-0.27735	0.30083	123.505	-0.22775	-0.24097
0.46216	-0.16641	0.08444	-126.832	-0.06797	-0.12416	0.26456	0.61537	-0.07434	0.03231
0.13806	0.29383	0.47362	-138.402	-0.11349	-0.41658	-0.21565	0.72170	-0.59817	-0.18043
0.75307	-0.28743	0.01004	-0.92896	-0.57011	-0.01611	-0.08362	0.27010	-0.15094	0.12562
0.42320	0.14397	0.61775	-123.629	0.10007	-0.19958	0.54774	0.33094	-0.16469	0.01981
0.76485	-0.70364	-0.37010	-128.537	-0.11579	0.14979	0.56485	0.50090	0.39137	0.25255
-0.09820	141.199	231.881	-135.667	0.71451	-0.69889	0.98823	-0.08598	-0.82474	-0.25945
0.49694	-0.10211	-0.12065	-0.90106	-0.11557	-0.09237	0.20121	0.87874	-0.05724	-0.04031
0.22501	0.05631	0.10310	-125.303	0.57296	-0.17259	0.88348	113.030	0.14113	-0.09757
0.23595	0.96136	163.906	-0.96674	0.48306	-0.42030	101.083	0.06329	-0.45142	-0.13588
0.20641	0.97706	122.752	-0.67363	-0.07651	-0.49961	0.04815	0.39683	-0.83309	-0.28567
0.48792	-0.61911	-114.878	-0.97101	-0.44936	-0.00841	-0.48363	154.175	0.01190	-0.07874
0.62849	0.72605	148.828	-0.58926	-0.12463	-0.25048	0.64004	-0.38258	-0.47244	0.01467
0.24224	118.790	154.909	-0.41369	0.86649	-0.34981	156.983	0.48884	-0.19407	-0.23788
0.02365	193.573	198.659	0.07186	-0.03152	-0.76181	-0.04689	0.44872	-136.246	-0.58910
0.23418	0.56810	0.36662	-0.55806	0.26989	-0.29016	0.46643	115.838	-0.26910	-0.28218
-0.29955	109.355	0.18332	-0.38856	0.56920	-0.59147	0.09496	222.967	-0.62513	-0.70744
-0.26662	138.180	198.245	-141.033	0.82712	-0.74516	0.85501	0.41733	-0.81799	-0.37138
0.33200	0.82779	0.61856	-0.07263	0.76591	-0.18083	138.857	119.370	0.08313	-0.28171
0.24225	0.52345	-0.19479	-0.10472	0.34747	-0.20384	0.49140	180.483	-0.08298	-0.39328
0.02615	0.97859	142.049	-112.829	0.49252	-0.52917	0.68307	0.45782	-0.59631	-0.25863
0.62618	0.85409	160.557	-0.47812	-0.27090	-0.30195	0.43269	-0.45687	-0.64316	-0.02429
0.24065	141.364	174.461	-0.18651	0.76907	-0.40736	144.729	0.42249	-0.36743	-0.29931
0.36025	156.342	227.727	-0.26072	-0.11899	-0.56948	0.37463	-0.43635	-108.284	-0.25309
0.18430	223.078	292.253	0.12818	0.58692	-0.66886	127.628	-0.28971	-0.99977	-0.41066
0.27969	-0.17511	-0.38297	-119.048	0.02746	-0.16941	0.05978	129.468	-0.07406	-0.12691
0.51837	183.337	171.401	106.082	-0.03154	-0.40758	0.61441	0.40451	-0.83653	-0.46437
-0.25006	0.79716	0.09796	-0.80329	0.21349	-0.59631	-0.37223	192.869	-0.75880	-0.59869
0.25785	126.405	172.427	-0.42891	0.61272	-0.41297	123.952	0.25564	-0.42849	-0.23975
-0.40075	0.45172	-0.06133	-156.199	0.40748	-0.61340	-0.30992	196.543	-0.62406	-0.51247
-0.14412	118.782	217.992	-179.388	0.10161	-0.81243	-0.01603	-0.29173	-125.089	-0.23989
0.96557	0.35442	159.576	-0.77780	-0.46494	-0.08501	0.64716	-113.356	-0.35163	0.29067
0.35914	0.04076	0.14826	-115.588	-0.26467	-0.24913	-0.17646	0.71310	-0.38540	-0.08856
0.66547	0.86624	0.58039	0.55690	-0.25490	-0.15902	0.31996	0.74993	-0.40238	-0.27021
0.01780	0.73819	0.84725	-101.844	0.96194	-0.36402	128.117	108.608	-0.07013	-0.26496
-0.22736	0.17815	-0.10376	-171.546	0.30199	-0.49825	-0.21610	164.602	-0.46800	-0.35277
-0.01735	146.389	184.100	-0.70052	0.43046	-0.65069	0.58419	0.38583	-0.89210	-0.39384
0.34799	0.11829	-0.09580	-0.79676	-0.13421	-0.20959	-0.04537	111.830	-0.26910	-0.18000
-0.35283	129.225	137.013	-122.668	0.35389	-0.81423	-0.09165	0.95719	-111.826	-0.53402
0.63433	0.97870	0.92102	0.41577	-0.05613	-0.18780	0.63347	0.52729	-0.37284	-0.23539
0.70433	0.41889	0.55980	-0.19019	-0.34547	-0.11713	0.25578	0.33419	-0.31455	-0.06400
0.11172	0.58684	0.83609	-121.936	-0.09427	-0.49153	-0.16973	0.56840	-0.75408	-0.23203
0.21578	0.81708	159.410	-132.673	-0.46119	-0.59626	-0.44141	-0.30742	-114.781	-0.14147
0.66000	-0.35850	-0.61820	-0.60965	-0.05830	0.09705	0.43903	117.200	0.29702	0.00570
0.40185	0.08781	0.50011	-127.561	0.07448	-0.20078	0.45916	0.42496	-0.16623	0.00881
-0.42638	127.836	0.77855	-0.84955	0.35773	-0.79279	-0.30155	168.769	-106.482	-0.69486
0.09931	0.77578	0.80488	-0.73619	116.547	-0.27136	169.454	118.990	0.15790	-0.25696
0.20372	0.48011	0.78621	-108.937	0.98760	-0.21508	158.615	0.83814	0.19739	-0.10567
0.66175	0.72101	168.982	-0.73357	-0.25560	-0.27635	0.52854	-0.68711	-0.58021	0.06883
-0.08900	143.478	177.381	-0.82699	0.43784	-0.68544	0.48150	0.48271	-0.93056	-0.41764
-0.24324	0.61185	0.52435	-147.692	0.67788	-0.53911	0.42518	141.179	-0.42870	-0.37964
0.49464	-104.030	-147.922	-145.309	-0.60232	0.03425	-0.74710	151.294	0.07520	0.02603
0.77903	0.76231	0.85743	0.30182	-0.47717	-0.15230	0.20459	0.19511	-0.49603	-0.13384
0.45804	0.66135	119.220	-0.72556	0.20515	-0.25910	0.84001	0.11553	-0.29937	-0.05951
0.52782	0.61670	0.96620	-0.45923	0.31839	-0.16443	106.992	0.34215	-0.09436	-0.06774
0.64668	0.24019	0.89629	-0.97436	-0.70926	-0.24794	-0.30302	-0.30621	-0.66304	0.06294
-0.13620	0.97794	0.78093	-0.82323	0.75723	-0.51072	0.72924	139.210	-0.41708	-0.44828
0.33256	103.268	110.621	-0.27141	-0.55951	-0.50052	-0.52382	0.35929	-108.151	-0.33212
0.92583	0.09890	0.74840	-0.55770	-0.52187	-0.00738	0.35718	-0.34920	-0.20144	0.18395
0.58734	0.05769	0.49630	-0.99197	-0.04928	-0.10305	0.53889	0.25851	-0.08508	0.06888
-0.21073	132.130	148.418	-0.97718	0.67817	-0.67707	0.61994	0.87410	-0.77050	-0.45876
0.18061	0.49754	0.63132	-100.827	0.49989	-0.30578	0.78897	0.88947	-0.17288	-0.18692
127.227	0.90613	0.83639	159.832	0.34929	0.31124	214.399	0.33919	0.54983	-0.01248
0.84735	0.09114	-0.42371	0.37159	-0.32563	0.11231	0.32058	113.946	0.10476	-0.11314
0.13783	120.264	131.476	-0.47765	-0.21299	-0.59513	-0.24937	0.48324	-107.617	-0.39563
0.52139	0.40018	106.180	-104.781	-0.54625	-0.32728	-0.21312	-0.23923	-0.72502	0.00310
0.55902	0.31111	0.33899	-0.48979	-0.62669	-0.23055	-0.41202	0.49116	-0.59088	-0.12792
0.15801	0.47527	0.01796	-0.50154	0.79493	-0.19369	108.666	170.542	0.15652	-0.31747
0.65235	0.48159	0.63440	-0.24321	-0.37971	-0.16970	0.14101	0.31832	-0.41863	-0.09157
-0.29176	131.375	0.52068	-0.38026	-0.48216	-0.83889	-142.342	167.228	-154.811	-0.78392
0.53360	0.48865	137.524	-112.785	-0.35436	-0.32488	0.14804	-0.47714	-0.65007	0.05453
-0.00846	0.49949	0.79849	-155.257	0.10624	-0.52000	-0.04288	0.67033	-0.67834	-0.22484
-0.33708	-0.26141	-0.56551	-234.158	0.03855	-0.53476	-0.83631	178.575	-0.56467	-0.31249
-0.32957	-0.18445	0.34939	0.03982	112.556	-0.74385	-0.77385	-108.911	-0.40506	0.37692
-0.87452	0.71411	0.43429	-0.56647	0.74761	-0.84420	-0.93173	-0.19176	-0.94211	-0.38383
-103.399	0.55711	0.42406	-0.37264	0.76612	-0.60453	-0.94843	-0.48343	-0.89790	-0.23119
0.66982	164.350	-0.57239	-0.66562	0.88152	-111.463	0.50019	0.27136	-0.73032	0.22707
-0.12439	116.411	-0.05725	-0.56609	0.82513	-103.704	-0.24585	0.04449	-0.84825	-0.06240
0.23436	236.487	-0.66697	-0.91039	0.61176	-101.316	0.54903	0.76802	-111.786	-0.12142
-175.456	-0.46518	0.76809	0.26302	0.88834	0.05260	-147.999	-159.931	-0.68345	0.11303
0.81978	205.482	-0.56550	-0.96726	0.80842	-159.574	0.50223	0.88865	-0.90997	-0.07788
0.92843	0.93924	-0.31158	-0.56085	109.453	-133.783	0.22969	-0.05209	-0.44145	0.33791
-0.95808	126.372	-0.19357	-0.19650	0.65355	-0.09129	-0.20644	-0.51220	-0.99985	0.14023
-216.356	-0.32484	0.95911	0.15476	0.76835	-0.07061	-178.332	-134.335	-0.90717	-0.19948
-158.495	-0.71134	0.64578	0.52861	100.510	0.23463	-131.539	-198.620	-0.49651	0.46087
-0.01005	161.684	-0.03019	-105.758	0.69193	-132.023	-0.23002	0.66596	-102.538	-0.49068
-0.41253	0.82986	0.26434	-0.65007	0.81283	-101.232	-0.65312	-0.06034	-0.84378	-0.28128
-0.59563	0.88793	-0.09482	-0.20943	0.80447	-0.29691	-0.25963	-0.63350	-0.78150	0.22029
-169.260	-0.18779	0.66552	0.18312	0.84033	-0.03960	-135.473	-137.227	-0.77148	0.06173
0.46381	0.81503	-0.14085	-0.38350	105.426	-129.435	-0.07517	-0.16082	-0.55737	0.27985
-152.552	0.61360	0.40474	-0.09382	0.69286	-0.33921	-103.366	-0.67287	-103.811	-0.14144
0.50225	0.32873	-0.01166	-0.50788	110.023	-0.78058	-0.13657	-0.65568	-0.29400	0.30849
139.681	237.686	-0.92691	-118.539	0.81562	-143.330	107.150	0.98391	-0.78094	0.06621
0.20905	-0.14453	0.48870	-0.35781	119.480	-146.490	-0.85152	-0.53428	-0.36765	0.08280
-146.973	0.29946	0.66158	-0.08459	0.78787	-0.76828	-135.739	-0.59907	-0.99344	-0.24537
-0.77717	131.622	-0.01498	-0.28447	0.71038	-0.90991	-0.45088	0.00668	-110.463	-0.07949
-0.54727	0.41216	0.23918	-0.15710	0.93791	-0.76707	-0.68008	-0.63944	-0.69257	0.12993
-0.71046	0.88172	0.30198	-0.55625	0.75634	-0.93449	-0.76093	-0.08128	-0.95272	-0.31456
-162.415	0.91402	0.21086	-0.09375	0.60143	-0.05032	-0.80642	-0.67076	-111.959	-0.08978
-0.30758	0.26499	0.10333	-0.09279	100.973	-0.50673	-0.45397	-0.93264	-0.50548	0.36339
-0.76863	0.44288	0.29880	-0.18270	0.87744	-0.66001	-0.77908	-0.64121	-0.76554	0.03598
-0.48656	187.229	-0.21540	-0.60684	0.61905	-111.088	-0.15339	0.52613	-122.892	-0.24973
-0.61052	0.63957	0.01858	-0.22150	0.84085	-0.22065	-0.37843	-0.79829	-0.69207	0.21091
-0.27478	195.374	-0.20749	-0.88750	0.59862	-116.177	-0.09119	0.70387	-119.762	-0.40407
-158.462	0.96532	0.46996	-0.29387	0.60423	-0.76497	-114.651	-0.13779	-126.128	-0.44372
-0.78501	116.352	-0.12091	-0.30489	0.69633	-0.25562	-0.25662	-0.44095	-0.93766	0.07541
-0.16539	192.966	-0.07818	-102.698	0.61921	-150.562	-0.23556	0.94303	-121.813	-0.57218
0.25347	219.476	-0.68897	-0.71041	0.68107	-0.97980	0.55952	0.56047	-104.128	0.06124
0.66222	169.378	-0.58210	-0.76679	0.84628	-100.437	0.53327	0.28376	-0.73314	0.16956
0.46233	0.29648	0.01081	-0.34784	113.848	-0.98310	-0.21134	-0.62701	-0.32937	0.36979
-0.56545	0.82512	0.20002	-0.50060	0.79756	-0.79016	-0.60558	-0.24239	-0.85194	-0.16075
187.259	108.063	-0.74532	-0.67056	123.611	-132.258	0.93002	-0.07078	-0.14081	0.69661
0.23424	0.95743	-0.10174	-0.44612	0.96780	-123.896	-0.15516	-0.05558	-0.68089	0.14140
-198.169	-0.53403	0.85602	0.35214	0.87087	0.06890	-163.482	-165.498	-0.73827	0.08492
-112.355	-0.24577	0.42038	0.26913	0.98181	-0.07171	-0.97220	-150.778	-0.54517	0.39052
-106.321	156.233	-0.02600	-0.68449	0.50000	-0.27458	-0.38295	0.00154	-118.895	-0.36792
-108.765	-0.49675	0.77304	-0.01388	100.648	-0.46328	-137.009	-127.787	-0.53282	0.03771
0.02443	135.087	-0.37299	-0.46984	0.81579	-0.65003	0.17125	-0.15177	-0.77943	0.21006
-0.86094	-0.66207	0.83333	0.05181	111.388	-0.81440	-143.575	-122.445	-0.45727	0.09282
-181.198	-0.58149	0.66713	0.59010	0.94993	0.18162	-140.139	-188.535	-0.63020	0.40005
-116.596	-111.945	137.826	-0.02776	115.142	-131.487	-215.609	-108.799	-0.51539	-0.28494
0.00625	-0.58169	0.31034	0.09368	126.241	-0.51188	-0.63635	-150.411	-0.10625	0.62475
184.451	0.57592	-0.50430	-0.38613	139.437	-166.792	0.58512	-0.26609	-0.03868	0.80550
-0.13518	210.922	-0.50071	-0.55086	0.65733	-114.364	0.22954	0.58974	-118.075	-0.03309
-0.53708	0.95282	-0.02570	-0.32258	0.79833	-0.55388	-0.34107	-0.40417	-0.83288	0.08056
-0.83595	0.76382	0.26818	-0.34082	0.78215	-0.76291	-0.75440	-0.32864	-0.92050	-0.14436
-0.72535	-131.090	0.79068	0.30891	126.999	-0.16105	-131.104	-208.423	-0.06445	0.52851
-0.63269	118.309	-0.07302	-0.46059	0.70535	-0.43734	-0.28066	-0.27158	-0.92735	-0.03859
-0.01978	220.432	-0.28153	-101.742	0.59951	-150.961	0.02014	106.182	-125.471	-0.48198
0.25573	0.04573	-0.24395	0.14608	118.506	-0.14478	0.06972	-145.390	-0.14994	0.92453
-0.52474	0.21874	0.08370	0.04400	0.98523	-0.25289	-0.46489	-113.910	-0.51839	0.44952
-0.18441	293.652	-0.63960	-110.979	0.39525	-116.146	0.43216	130.761	-149.453	-0.50130
-0.70402	0.67998	0.39528	-0.50599	0.80721	-0.99313	-0.87536	-0.17709	-0.89317	-0.29541
-0.84358	124.684	0.23981	-0.58299	0.66733	-110.669	-0.73807	0.23991	-115.416	-0.42886
-0.59423	184.796	-0.55387	-0.40912	0.57898	-0.07278	0.29784	-0.16956	-106.166	0.16293
-0.69634	117.689	-0.08932	-0.35805	0.71202	-0.43319	-0.28721	-0.31792	-0.94411	0.02142
-0.40863	0.66160	0.24549	-0.30858	0.91573	-118.207	-0.68864	-0.21579	-0.80543	-0.04014
-0.50147	141.928	-0.03787	-0.61604	0.68668	-0.91024	-0.32914	0.18183	-104.945	-0.23265
-0.56233	0.98961	0.19799	-0.59661	0.75793	-0.92092	-0.60735	-0.03506	-0.93244	-0.27057
-118.631	0.32177	0.55758	-0.24168	0.80432	-0.63235	-114.728	-0.63087	-0.87714	-0.20945
-0.56015	0.83080	0.14680	-0.39515	0.81632	-0.78622	-0.55652	-0.29384	-0.84707	-0.06536
-0.84245	114.948	-0.02292	-0.20671	0.72600	-0.62456	-0.43156	-0.27364	-101.852	0.02888
0.12896	133.890	-0.21081	-0.70348	0.81527	-0.97688	0.00168	0.13034	-0.80618	-0.03659
-147.097	116.664	0.08711	-0.15762	0.58153	-0.18584	-0.64462	-0.45240	-117.323	-0.09803
-205.737	-0.24396	0.72043	0.29829	0.78363	0.22672	-147.661	-155.924	-0.83413	0.06301
0.26137	-0.06320	0.41970	-0.21194	122.771	-166.363	-0.80278	-0.45544	-0.40602	0.18220
0.26851	0.71110	0.07299	-0.50265	101.771	-137.685	-0.35137	-0.08051	-0.61519	0.05615
-0.40252	0.65504	0.00670	-0.23941	0.89099	-0.48130	-0.34840	-0.66038	-0.66915	0.22004
-113.767	0.81461	0.18767	-0.20894	0.71231	-0.33790	-0.69571	-0.56957	-0.96501	-0.04853
-0.37907	252.112	-0.42525	-102.163	0.44168	-103.277	0.15738	100.310	-140.323	-0.50213
0.15621	252.694	-0.64816	-0.91452	0.57775	-122.936	0.48643	0.99068	-123.979	-0.21378
0.28317	125.234	-0.18111	-0.62565	0.89262	-127.078	-0.04049	0.19589	-0.77216	0.01554
-236.222	120.798	0.61080	-0.34798	0.37619	-0.43862	-142.794	-0.06282	-156.951	-0.74943
0.52878	122.335	-0.53750	-0.49031	0.93244	-0.58321	0.47348	-0.31948	-0.54006	0.44031
-0.25606	0.90702	-0.01890	-0.38776	0.86554	-0.80940	-0.31008	-0.28849	-0.76382	0.08098
-0.30121	0.96276	0.03381	-0.35147	0.86745	-106.891	-0.41259	-0.12019	-0.84519	0.02115
-0.89718	-0.60198	0.37615	0.39666	110.270	0.15716	-0.86122	-191.979	-0.29792	0.65239
-0.21925	0.64972	0.29003	-0.40438	0.95319	-144.286	-0.71670	-0.05134	-0.78344	-0.10883
-106.988	0.04306	0.40431	0.08519	0.91936	-0.30617	-0.94984	-114.040	-0.67024	0.20556
0.11397	139.492	-0.19428	-0.61710	0.83202	-123.392	-0.05935	0.26860	-0.87414	-0.03812
-0.55032	0.46794	0.30689	-0.30819	0.90496	-0.85808	-0.74986	-0.48375	-0.73454	-0.02523
0.02095	124.143	-0.17711	-0.67084	0.80864	-0.81853	-0.04433	-0.01228	-0.78367	-0.01943
-0.84112	-0.09933	0.46857	0.13784	102.258	-0.69264	-102.213	-104.855	-0.60846	0.24159
-0.88869	-0.36137	0.35054	0.29075	105.068	-0.01532	-0.83944	-164.481	-0.40944	0.52885
-120.689	0.54214	0.31324	-0.06353	0.77953	-0.41861	-0.87542	-0.72458	-0.91064	0.00771
-149.059	-0.49118	0.76380	0.30937	0.97637	-0.34093	-146.875	-144.513	-0.64834	0.16440
-147.517	130.626	-0.06132	-0.16490	0.53774	0.09487	-0.44741	-0.53885	-116.902	-0.01957
0.15030	140.875	-0.41412	-0.56376	0.81337	-0.65118	0.25444	-0.09361	-0.75576	0.19029
-124.699	0.52308	0.33612	-0.16106	0.74850	-0.25955	-0.88027	-0.77347	-0.89361	-0.05185
-0.20278	177.822	-0.27004	-0.62822	0.69128	-114.838	-0.03306	0.46858	-110.116	-0.15113
-0.04632	257.595	-0.46774	-107.548	0.50807	-138.379	0.24192	121.330	-136.521	-0.48915
-0.02343	-0.95947	0.49489	0.19175	134.885	-0.60015	-0.86854	-169.191	-0.00602	0.65058
0.22306	215.171	-0.30750	-125.911	0.60368	-132.461	0.14988	100.983	-112.306	-0.52869
-0.38085	-0.99713	-0.90836	-199.550	0.52479	-0.03960	239.735	-0.06344	-0.03945	-0.76521
-129.125	150.265	0.68827	-160.173	0.73995	-0.17095	0.39658	0.78961	232.396	-0.98246
-100.996	-0.51300	-0.85735	-0.82529	0.55682	0.29901	118.131	0.83562	0.00962	-127.034
-245.503	0.58620	-0.36329	-148.151	117.783	-0.27222	-0.30365	173.651	164.681	-193.361
-0.67106	0.25389	-0.12501	-0.00684	0.29430	0.26391	0.51986	0.67142	0.55915	-127.077
0.44577	0.11762	0.21732	-149.401	0.11733	-0.00318	226.288	-0.65150	0.78585	-0.24947
-0.85980	0.46084	-0.14068	-0.51589	0.42233	0.48818	0.86709	0.87319	0.68876	-0.98721
-0.34925	0.69250	0.14326	-0.97714	0.29012	0.62914	161.884	0.43846	0.83254	-0.38158
-0.91991	0.20604	-0.34354	-0.98664	0.52270	0.42271	120.597	0.81473	0.59083	-0.92631
-0.77166	0.12610	-0.36249	-0.08470	0.33374	0.54132	0.78544	0.87847	0.26709	-114.897
-100.614	0.88710	0.35133	-0.62039	0.50689	-0.12794	0.15319	0.69481	154.503	-132.147
-0.64581	142.390	0.38410	0.10069	0.19443	125.721	0.87249	118.515	0.88546	-0.43188
-155.312	0.58215	-0.22691	-0.89599	0.73838	0.26571	0.39645	130.911	108.151	-133.280
-0.56450	-0.06924	-0.21666	-0.49178	0.34960	-0.07688	0.78397	0.33038	0.58464	-129.818
0.20630	126.189	0.60585	0.43017	-0.15831	118.333	126.110	0.45846	0.66303	-0.17165
-181.087	0.66142	0.01334	-228.563	107.121	-0.59426	0.46258	0.90387	202.759	-143.857
-0.89330	105.098	0.22596	0.15096	0.31177	0.71105	0.32489	112.863	0.95164	-100.958
-107.709	-0.93542	-102.802	-0.86385	0.61805	-0.14952	0.93420	0.65632	-0.03898	-166.171
-0.90767	153.802	0.61143	-0.29326	0.37405	0.59175	0.35832	102.973	155.421	-0.81081
-0.50632	175.398	0.91095	-0.11908	0.19468	0.61735	0.47080	0.72826	166.713	-0.59636
-0.92357	0.28023	-0.39453	-0.17976	0.38871	0.77899	0.88751	111.591	0.26554	-101.399
-0.93355	-0.64266	-0.86321	-135.429	0.61908	0.07982	148.728	0.57898	0.13306	-117.991
0.21019	0.98622	0.83812	-141.000	0.17480	-0.15339	157.741	-0.48390	168.401	-0.32428
-177.042	0.70227	0.04422	-135.571	0.91414	-0.46872	-0.09730	107.175	181.245	-170.243
0.30517	0.58632	0.29337	-0.28426	-0.05123	0.70431	170.037	0.01172	0.50874	-0.27205
-0.65282	106.334	0.53184	-0.35553	0.32407	0.09945	0.34989	0.54598	146.631	-105.236
-0.03709	144.542	0.71040	0.36143	-0.05731	103.105	0.93325	0.58903	0.97031	-0.33553
-194.750	0.20850	-0.34150	-151.670	102.152	-0.60100	-0.04091	112.145	150.343	-192.309
-0.18617	106.240	0.61223	-124.519	0.27667	0.24013	146.878	0.07772	147.699	-0.34840
-0.24026	0.71325	0.12319	-137.120	0.30006	0.78929	211.726	0.36384	0.79474	-0.05838
-115.180	0.37879	-0.10826	-0.16717	0.50228	-0.00377	0.00628	0.93498	0.93185	-161.411
-0.49816	0.69662	-0.00399	-0.34447	0.23822	0.94922	131.526	0.81903	0.51195	-0.51736
-0.13296	0.72183	0.28554	-0.86420	0.19825	0.52344	159.597	0.21794	0.89695	-0.36676
-0.40146	114.549	0.40196	111.745	-0.02409	0.98672	0.18149	0.98730	0.63291	-0.93242
-0.46757	196.723	0.96635	-0.23493	0.17848	0.91749	0.76106	0.83022	166.163	-0.29569
0.74235	-0.68754	-0.43661	0.82688	-0.33699	0.64807	163.370	-0.26228	-0.82925	-0.77992
-106.646	0.25237	-0.16577	-0.73371	0.56011	-0.07400	0.47193	0.73789	0.95732	-140.986
0.35146	-0.06846	-0.03274	-125.760	0.11220	0.22831	228.526	-0.42662	0.41976	-0.29138
-157.613	0.14436	-0.48594	-0.81480	0.75503	0.07547	0.31979	123.560	0.81005	-158.959
-0.06378	132.587	0.49175	-0.08133	0.00800	130.972	151.926	0.67810	0.74080	-0.02365
-0.83496	213.915	0.98251	-0.58561	0.36336	0.83357	0.61020	105.841	196.822	-0.37490
0.53886	0.53394	0.66765	-0.79236	-0.02053	-0.22435	147.566	-0.72218	119.256	-0.52980
-104.444	-143.630	-118.813	-228.796	0.85663	-0.81924	161.766	0.07149	0.22784	-159.616
-169.293	0.79893	-0.11619	-122.905	0.83372	0.23566	0.43102	137.111	136.771	-124.962
-0.94337	-108.411	-0.98718	-0.21214	0.48739	-0.36400	0.42831	0.53002	-0.14261	-201.466
0.52434	105.557	0.91326	-0.17855	-0.13726	0.19840	118.183	-0.39537	125.798	-0.40989
-0.39178	-0.22672	-0.52858	0.56687	0.10163	0.70727	0.86168	0.71978	-0.31410	-117.060
-0.11139	0.78752	0.25116	-0.97671	0.19483	0.75482	186.706	0.29737	0.80818	-0.15111
-150.737	212.183	0.83043	-0.30478	0.57976	0.59504	-0.29180	156.412	213.253	-101.361
-0.60695	-0.13758	-0.10188	-101.445	0.46657	-0.60817	0.70877	0.02648	0.99580	-145.835
-0.82334	-0.83973	-0.82759	-0.90637	0.53348	-0.25823	102.604	0.38045	0.11090	-155.152
-0.61307	-0.25826	-0.42088	-0.76996	0.40873	0.02079	110.476	0.37266	0.39559	-119.233
-0.62056	-0.05810	-0.16803	-0.82535	0.42696	-0.26933	0.81897	0.23470	0.79411	-131.327
-0.63319	0.15585	-0.38447	0.23153	0.22382	0.82003	0.88266	0.94375	0.02881	-101.862
-0.27606	-0.90158	-0.71174	-164.797	0.44205	-0.24222	201.274	-0.19780	0.12356	-0.95306
-0.58198	118.497	0.31434	-0.06382	0.21207	101.490	0.92264	0.97989	0.86553	-0.53232
-0.50041	0.41526	0.00588	0.45730	0.15200	0.44026	0.39682	0.68497	0.48504	-121.811
-0.37710	236.625	112.787	0.59728	-0.00977	144.185	0.51692	114.548	149.731	-0.16760
0.40846	-109.804	-0.83134	-0.77939	0.04072	0.41837	251.932	-0.34041	-0.73318	-0.55056
-132.735	171.173	0.57563	-0.72688	0.58643	0.59247	0.30076	133.199	182.049	-0.83247
-0.91083	0.21152	-0.27447	-0.57468	0.46465	0.29735	0.80206	0.80789	0.61434	-116.389
-196.626	195.283	0.69689	-0.42085	0.78801	0.17103	-0.84596	173.059	234.203	-152.241
-172.028	182.842	0.80312	-164.223	0.89750	-0.24211	-0.07346	112.847	271.275	-117.995
0.17842	0.80101	0.32206	0.83139	-0.18797	103.929	0.99408	0.45935	0.28342	-0.53565
-0.36167	0.05308	-0.28850	-115.218	0.34359	0.48576	185.227	0.33427	0.38820	-0.54292
-0.11631	0.34071	0.02726	-0.56719	0.15997	0.50152	151.285	0.22668	0.51606	-0.57101
-126.529	0.37677	-0.19266	-125.086	0.70155	0.00642	0.72574	0.87443	111.746	-123.601
-155.817	138.875	0.11336	-0.65458	0.65233	0.97375	0.52005	171.926	126.318	-0.81956
-0.80531	220.565	0.90761	0.38435	0.18937	128.546	0.28114	140.195	153.690	-0.45145
-0.34318	-0.66426	-0.77686	-0.18445	0.21521	0.47723	141.452	0.43944	-0.42081	-107.818
-175.135	240.674	0.55540	0.22146	0.53571	171.146	-0.01422	240.812	152.232	-0.60236
-0.47112	106.344	0.48791	-0.03165	0.19617	0.41961	0.51985	0.59451	116.658	-0.88145
-218.791	129.043	-0.04285	-204.744	111.119	0.46665	0.67802	180.206	182.859	-0.94750
0.29116	115.851	0.85689	-0.70124	0.01801	0.28190	142.472	-0.22913	140.041	-0.25548
-0.28505	-106.695	-0.95554	-116.601	0.36364	0.11772	202.016	0.05386	-0.36490	-0.96155
0.47826	0.53914	0.49802	-0.30810	-0.08893	0.22692	145.770	-0.37606	0.79691	-0.47475
-0.58846	153.540	0.65804	-130.099	0.40077	0.66832	140.028	0.63954	164.196	-0.18170
-118.101	-0.01869	-0.35948	0.39073	0.44626	-0.09543	-0.35545	0.98807	0.54542	-199.563
-0.12698	0.73782	0.21605	0.18728	0.02807	0.84628	109.844	0.52967	0.50039	-0.58050
0.31513	-0.75063	-0.68084	-0.58396	0.02760	0.63528	236.288	-0.11433	-0.59980	-0.47185
-177.013	-0.68132	-109.227	0.15988	0.71081	-0.03350	-0.32634	147.303	-0.00810	-233.123
0.16072	-0.30788	-0.25471	-123.904	0.18847	0.16724	216.647	-0.29591	0.26016	-0.49346
-0.39992	0.63923	0.12138	0.53132	0.08794	0.67794	0.53667	0.73203	0.49622	-0.99618
-127.043	0.85403	-0.01529	-228.424	0.82520	0.37501	161.661	0.91696	146.201	-0.49269
0.43798	0.63690	0.44528	-0.69888	-0.03116	0.48564	189.822	-0.27092	0.77036	-0.15783
-0.32653	0.65727	0.48308	-111.700	0.34566	-0.33825	0.92816	-0.07622	151.467	-0.92487
-0.96893	0.50049	0.05461	-127.184	0.59866	-0.12927	0.80012	0.55265	130.466	-112.176
-0.43464	144.848	0.52845	-0.72556	0.24636	104.217	144.299	0.77382	118.461	-0.11210
-0.72418	-0.43305	-0.44031	-0.54717	0.43824	-0.35736	0.60175	0.31226	0.47956	-161.674
-131.691	0.14187	-0.56973	-0.06845	0.52772	0.61043	0.42140	138.586	0.27559	-141.159
-0.83670	-0.30773	-0.40076	-0.37369	0.44851	-0.30464	0.38953	0.46496	0.53506	-168.942
0.17310	0.95542	0.59047	0.25054	-0.08476	0.56907	0.95873	0.15089	0.85898	-0.56662
0.28679	-155.707	-111.486	-107.927	0.15436	0.12164	256.594	-0.43890	-0.87418	-0.78012
-0.80894	247.071	134.121	0.25901	0.23032	0.63900	-0.27768	107.775	226.059	-0.75115
-0.31157	-0.07477	-0.01615	-161.743	0.43942	-0.49028	144.731	-0.26001	104.604	-0.96534
-0.56228	164.349	0.80828	-0.24978	0.23766	0.60686	0.55694	0.74855	160.186	-0.60485
-0.29210	-0.32699	-0.55205	0.10110	0.13949	0.62124	124.103	0.51853	-0.27214	-100.320
-148.641	162.384	0.29254	0.51131	0.44236	114.065	-0.22614	192.151	115.104	-109.391
0.14796	-0.06619	-0.55684	0.95061	-0.19778	164.786	172.238	0.77619	-0.95339	-0.40333
-192.348	-0.23736	-0.97091	-127.245	0.95203	0.24014	0.67838	153.596	0.45504	-157.635
0.48900	0.00908	0.16256	115.542	107.255	-0.56897	-129.263	0.57494	-0.94236	150.167
0.24555	0.37171	0.41869	-0.24310	0.73994	-0.29095	-0.07104	0.45097	-0.69215	0.46931
0.34968	0.27486	0.75269	-0.04021	151.066	0.01702	0.47017	0.50158	-0.40260	0.60027
0.18924	130.403	0.05290	-225.617	-110.488	-0.39010	-0.12134	0.19343	-102.939	-0.55259
-0.07381	0.46870	-0.01441	-0.18992	-0.05242	-0.57237	-0.52670	0.42024	-101.574	0.30438
0.40215	182.933	0.03638	-113.738	-0.28252	0.36917	-0.08330	0.28684	-0.96947	0.32429
0.58763	192.090	0.33709	-289.831	-0.83753	0.21114	0.41365	0.13199	-0.81479	-0.54951
0.02997	0.53416	-0.36310	0.81376	-0.06462	-0.62318	-143.486	0.48703	-129.847	104.412
0.25848	0.26860	0.50655	-0.07585	100.089	-0.24607	0.03384	0.47796	-0.61523	0.54737
0.71343	-0.74397	0.75579	-0.34114	107.946	-114.273	-0.81368	0.49424	-0.60145	0.67404
0.17273	0.73671	0.31206	0.05802	0.81255	0.05006	0.06173	0.46295	-0.72002	0.62697
-0.28488	202.828	0.02251	-0.29926	0.30502	0.98343	103.235	0.37341	-0.77448	0.18166
0.46856	107.104	0.51359	-177.320	0.06729	-0.03690	0.35170	0.28438	-0.65737	-0.14141
0.60503	0.43404	0.40773	-0.29518	0.69006	-0.35799	-0.57421	0.43825	-0.77172	0.78015
-0.11399	0.82975	0.10539	-0.32808	0.17539	-0.12557	0.07749	0.40770	-0.86454	0.19706
0.78815	0.85409	0.70773	-0.97905	0.92125	0.11946	0.16448	0.38223	-0.52227	0.53967
-0.15647	138.163	0.00255	-0.11363	0.23965	0.36389	0.31482	0.40590	-0.87947	0.35019
0.90872	0.73074	0.40315	-0.21798	0.79256	-0.14015	-0.80680	0.43347	-0.80136	113.207
0.39796	0.58654	0.52171	-137.558	0.23880	-0.35246	0.10928	0.33885	-0.66637	-0.02880
0.83895	0.58680	0.34091	-148.101	-0.19806	-0.70455	-0.94886	0.30655	-0.93000	0.35760
0.41757	121.265	0.40158	-230.726	-0.47483	-0.17078	0.27762	0.21809	-0.76490	-0.45227
0.29597	189.798	-0.06941	-103.585	-0.40664	0.37759	-0.12031	0.28736	-103.299	0.31183
0.51710	-0.36409	0.97725	0.30218	203.352	-0.28927	0.26190	0.57033	-0.27901	0.84203
0.45750	0.50433	0.63922	-0.25710	119.210	0.01652	0.22489	0.46235	-0.51689	0.62274
0.36878	184.183	0.55149	-0.42354	121.242	117.193	115.347	0.40326	-0.44370	0.58714
0.53268	0.93377	0.68742	-0.57982	116.905	0.36276	0.54837	0.42171	-0.45840	0.53959
0.62284	-0.30330	0.50103	-0.23845	0.74520	-0.94728	-0.93739	0.47166	-0.76592	0.74187
0.06761	-0.26888	0.75191	-0.32312	120.503	-0.51012	0.47530	0.49168	-0.42057	0.13139
0.80976	0.42186	0.78980	-108.520	0.91512	-0.24052	-0.00117	0.39012	-0.50338	0.44339
0.37705	0.84394	0.44982	-122.345	0.25601	-0.13469	0.16640	0.34115	-0.69246	0.07595
0.30634	115.683	0.49202	-0.86919	0.64629	0.33604	0.59849	0.37280	-0.58530	0.22928
0.45743	-0.16383	0.83735	0.07413	165.237	-0.30407	0.17873	0.53074	-0.38747	0.70641
-0.16116	0.85711	0.74735	-0.44213	137.648	0.58773	164.097	0.45218	-0.26201	-0.04373
0.27312	0.01541	0.14007	0.42760	0.55213	-0.74583	-102.059	0.50296	-0.95850	0.89834
-0.05977	0.36535	101.987	-194.752	0.80504	-0.05907	175.873	0.33726	-0.16587	-0.89856
0.53899	140.388	0.36777	-110.002	0.29846	0.30193	0.15943	0.32907	-0.73392	0.36313
0.13938	0.35989	0.40880	-0.10309	0.81275	-0.24209	0.05170	0.46587	-0.67327	0.45094
0.00088	152.905	0.42615	-156.848	0.14359	0.49398	117.508	0.29125	-0.58203	-0.39841
0.59653	0.74566	0.52952	-0.80999	0.66048	-0.07749	-0.04672	0.38912	-0.65122	0.48545
0.11244	271.763	-0.11710	-0.80557	-0.15931	122.719	0.64956	0.28666	-0.93790	0.35620
-0.18996	106.867	0.49383	-0.32142	100.354	0.55411	125.859	0.43684	-0.46189	0.07027
0.67374	0.42320	0.27152	-0.32604	0.39633	-0.54676	-0.99515	0.42265	-0.91512	0.85408
0.32056	127.498	-0.25036	-0.76615	-0.72709	-0.34330	-103.858	0.31499	-125.913	0.46784
-0.16508	0.08741	0.73153	-0.98642	0.81094	-0.32647	103.797	0.41714	-0.38965	-0.41988
0.23960	0.68275	0.65089	-0.47571	111.544	0.19446	0.70431	0.43967	-0.45417	0.31224
0.76401	0.80391	0.60029	-169.731	0.22226	-0.25501	-0.08068	0.30272	-0.66205	0.13169
0.57355	0.43293	0.41732	-0.45786	0.60171	-0.38843	-0.50623	0.42328	-0.76545	0.65749
0.69342	140.680	0.23436	-0.42382	0.47984	0.31711	-0.37357	0.38289	-0.85185	0.91443
0.11818	112.999	0.61062	-0.20936	131.586	0.69022	112.201	0.45240	-0.40345	0.39889
0.38049	217.202	0.25132	-118.735	0.18729	0.92466	0.69806	0.29166	-0.73085	0.26191
0.43259	0.83370	0.00668	-0.85262	-0.37819	-0.53787	-0.94147	0.33912	-109.609	0.42841
0.45110	-0.12568	153.724	-144.668	203.783	0.05182	183.087	0.43875	0.18443	-0.29879
0.48501	0.00826	0.51182	-0.16624	0.88773	-0.57827	-0.47890	0.47331	-0.68987	0.68112
0.32972	122.211	-0.27437	136.546	0.62513	0.21421	-115.753	0.52736	-117.195	167.497
-0.19726	158.627	0.20218	-0.55728	0.38767	0.65825	0.98783	0.37399	-0.68783	0.03950
-0.11955	0.69123	-0.23899	0.73380	0.16655	-0.31897	-0.81387	0.48766	-113.999	0.84906
0.87739	0.02381	0.44731	-0.32161	0.65225	-0.78901	-118.748	0.44641	-0.83667	0.97136
0.66507	0.59026	0.26526	-0.29657	0.44140	-0.38290	-0.87215	0.42067	-0.89934	0.87912
0.17177	0.39289	-0.05994	-0.63261	-0.45811	-0.89489	-104.414	0.37071	-114.070	0.28515
0.47636	0.66957	0.60553	-0.95483	0.70028	-0.07651	0.24711	0.38494	-0.57235	0.27002
0.69614	0.88038	0.48716	-0.35860	0.90396	0.11195	-0.19102	0.42559	-0.67140	0.85243
-0.14347	208.881	0.14748	-265.640	-0.99845	0.43580	117.012	0.14505	-0.81016	-103.376
-0.39385	266.844	0.07980	-194.241	-0.52304	119.704	180.984	0.19834	-0.71957	-0.79680
0.37186	114.245	0.13922	0.40669	0.78904	0.29632	-0.32431	0.46912	-0.85779	108.032
0.33444	172.446	0.29056	-107.198	0.24121	0.58762	0.52030	0.31929	-0.72743	0.23530
0.81139	-0.03994	134.456	-146.810	165.418	-0.18442	0.92672	0.41261	-0.05985	0.07056
0.45784	0.47816	0.05910	0.10229	0.27709	-0.54121	-112.863	0.44841	-103.883	0.94524
0.91947	142.937	0.13680	-0.31968	0.35608	0.19994	-0.91125	0.38112	-0.98039	120.450
0.00999	0.88068	0.14702	-0.43053	0.19867	-0.09572	0.03063	0.39803	-0.85124	0.24985
110.870	108.107	0.26407	-121.495	-0.06799	-0.31194	-115.107	0.30950	-0.98792	0.81752
0.34130	0.07882	0.36194	-119.516	-0.07109	-0.94418	-0.55511	0.35740	-0.84860	0.00793
0.26118	0.36228	0.63387	-0.67951	0.87394	-0.19726	0.39528	0.42613	-0.52049	0.19210
106.455	0.97162	0.40261	-0.55424	0.61980	-0.05404	-0.85381	0.39119	-0.82588	110.900
0.39294	141.241	0.06504	-181.190	-0.76656	-0.19647	-0.31217	0.23324	-102.345	-0.10733
0.74388	0.74003	0.51830	0.19852	130.179	0.16559	-0.29701	0.48714	-0.63690	119.044
0.88175	-0.32012	119.640	-0.68633	181.419	-0.40123	0.27049	0.48446	-0.19937	0.58093
0.60554	0.05337	0.84031	-0.96911	101.310	-0.44586	0.13698	0.41882	-0.44858	0.27584
0.69271	138.768	0.60980	-0.79254	0.97373	0.60308	0.47687	0.37928	-0.52537	0.62546
0.79350	121.359	0.92590	-0.13108	199.537	0.95547	0.92177	0.47631	-0.23500	100.790
0.71939	0.42966	107.734	-279.058	0.35793	-0.40058	0.80543	0.24567	-0.31074	-0.65889
0.26728	228.025	0.03887	-0.69753	0.11851	0.97118	0.45407	0.32074	-0.86635	0.48737
0.35508	192.368	0.00916	-0.87182	-0.13811	0.52158	-0.00790	0.30913	-0.96027	0.44441
0.66988	0.99956	0.50699	-188.563	-0.04072	-0.20144	-0.01022	0.27176	-0.71852	-0.02369
0.10267	217.188	0.24430	-0.59568	0.57129	117.005	108.444	0.35399	-0.64820	0.33931
-0.04347	186.801	0.54614	-0.17266	138.286	137.945	176.138	0.43277	-0.34794	0.35077
0.56742	0.92172	0.42083	-0.59651	0.62736	0.04258	-0.12321	0.39664	-0.71530	0.61750
0.05798	-0.38301	0.63992	0.55215	153.773	-0.47848	0.14250	0.57264	-0.48696	0.62785
0.44972	0.24050	0.28583	0.12302	0.68565	-0.50964	-0.77407	0.47676	-0.85137	0.87994
0.26133	0.60293	0.41445	-0.29373	0.74992	-0.09424	0.06925	0.43910	-0.67689	0.47731
-0.05225	0.92938	-0.44305	0.05495	-0.63425	-0.53803	-119.906	0.39466	-135.458	0.59431
0.80962	102.654	144.903	-243.248	146.296	0.66180	197.111	0.29660	0.10075	-0.39850
0.16260	0.88967	0.47166	-0.94047	0.50159	0.07665	0.56235	0.37303	-0.60791	0.03643
0.48392	0.80539	0.51637	-189.430	-0.06774	-0.32797	0.13777	0.27946	-0.69351	-0.22001
0.52390	-0.08681	0.91703	-0.86757	120.216	-0.44231	0.32699	0.44054	-0.37037	0.22856
0.43945	132.950	0.75145	-229.462	0.25131	0.32460	113.604	0.24642	-0.43101	-0.48822
0.81261	111.277	0.47874	-124.348	0.35120	0.02814	-0.20216	0.32853	-0.72626	0.48545
0.25378	-0.10928	102.845	-0.81206	146.004	-0.24992	0.96005	0.46008	-0.21119	-0.01538
0.66234	0.91977	0.55544	-151.148	0.28504	-0.11032	0.05044	0.31565	-0.66013	0.16221
0.71993	-0.00378	0.38181	-122.855	-0.08077	-111.532	-112.387	0.35288	-0.91821	0.32731
0.25964	146.945	0.39101	-120.130	0.29821	0.43681	0.67019	0.32300	-0.65376	0.04912
0.33906	108.113	-102.081	-0.69084	0.57382	-0.80575	0.27838	-0.42812	-0.06164	0.05130
-0.16710	-0.36205	-159.231	-0.42832	-0.65192	-0.73594	0.01688	0.62004	-0.23805	183.644
-0.25931	-0.16848	-142.019	-0.40568	0.05073	-0.29362	0.54874	0.10323	-0.24390	0.91785
-185.324	-153.183	-0.70472	-0.64217	-0.58458	-0.73425	0.12305	-0.12176	-126.557	192.410
-0.57539	0.84753	-0.76272	-152.801	0.07281	-0.68177	-209.820	-131.063	-208.610	0.93434
-0.51237	-0.18003	-130.917	-0.77590	-0.36756	-0.53455	-0.60452	-0.09427	-0.98726	152.443
-0.99885	0.19309	-0.12505	-0.87901	0.44925	-127.449	0.35964	-0.89076	-0.72203	0.29814
-0.67626	0.05469	-103.245	-0.92562	0.06626	-0.39499	-0.60946	-0.62966	-124.551	0.95773
0.03895	0.31963	-139.007	-0.82279	-0.63659	-106.258	-0.93779	0.20908	-0.65682	176.875
-0.26977	0.15617	-127.222	-0.44984	0.73087	0.12837	0.86408	-0.45470	-0.32768	0.02453
-0.70987	0.00647	-0.81191	-0.99666	-0.45189	-118.570	-0.90440	-0.31850	-113.566	157.301
0.08065	0.52640	-140.789	-0.81520	-0.11118	-0.57625	-0.67272	-0.16666	-0.71271	109.701
-133.282	-0.09680	-0.64095	-147.565	-0.36740	-0.72797	-206.336	-113.089	-241.717	162.407
-0.02199	147.602	-0.65067	-116.398	107.576	-0.48304	-0.52462	-145.591	-102.641	-0.53954
-0.27022	0.30073	-117.324	-0.87410	-0.14879	-0.69988	-0.68068	-0.29580	-0.90345	116.933
-0.13704	0.19225	-149.248	-0.60168	0.28277	0.01887	0.06138	-0.27690	-0.61833	0.64106
-183.606	-0.65863	-0.11973	-109.688	-0.07181	-104.711	-0.47989	-100.784	-171.459	117.479
0.46810	117.847	-120.494	-0.59182	0.97089	-0.27118	0.61562	-0.58342	0.00909	-0.44536
0.29806	130.825	-134.986	-132.980	0.01511	-0.52994	-201.074	-0.81319	-149.007	0.94015
-187.266	-0.88585	-0.04311	-0.69641	0.38776	-0.85963	0.91801	-0.87688	-0.99601	0.52746
-0.46705	-0.22111	-131.689	-0.66408	-0.30903	-0.54318	-0.27039	0.00917	-0.75465	142.736
-153.133	-166.770	-0.94247	-0.08183	-0.12510	-0.37239	173.546	0.28478	-0.21830	125.838
-0.03699	0.19274	-110.032	-0.49107	-0.22212	-120.695	0.39830	0.29525	0.08519	113.996
-206.359	-0.68974	0.10229	-115.209	0.10771	-104.308	-0.38302	-126.059	-184.675	0.94689
-0.18396	0.99858	-0.98937	-0.90521	132.372	0.32727	0.08261	-140.384	-0.98892	-0.76153
0.95901	132.174	-186.468	-0.96097	-0.31982	-0.65425	-152.672	0.04115	-0.63251	130.370
-0.03117	0.18098	-176.582	-0.98388	-0.79529	-0.48961	-172.990	0.08623	-130.642	210.662
-0.62879	-0.21024	-0.71158	-0.61400	-0.40830	-151.041	0.25391	0.14100	-0.26651	142.253
118.867	168.106	-145.744	-0.57785	0.57197	-0.79563	0.26274	-0.07143	0.46949	-0.03704
118.528	132.902	-196.076	-0.84992	-0.57168	-0.94959	-141.386	0.42458	-0.27770	158.283
-0.26034	0.18998	-0.80829	-0.60716	-0.23107	-147.373	0.28245	0.11756	-0.06906	113.950
-156.566	-128.369	-0.40318	0.01736	0.70306	-0.47973	280.145	-0.19027	0.25329	0.06015
0.41248	0.56894	-160.737	-0.63713	-0.26890	-0.72178	-0.40257	0.25018	-0.24817	125.159
-0.79033	-0.60773	-0.93644	-0.30673	0.06401	-0.69237	118.715	0.09094	-0.07930	0.87945
-104.946	-0.48364	-124.095	-112.253	-0.64306	-0.36249	-164.550	-0.45809	-197.320	202.233
0.49353	0.84001	-121.090	-0.42067	0.37500	-0.90239	0.79627	0.07888	0.45074	0.28339
-0.95391	-0.41946	-132.795	-0.95907	-0.18451	0.07446	-102.865	-0.58485	-173.602	142.106
-0.14874	0.37718	-112.187	-0.80343	-0.17059	-0.92295	-0.46065	-0.15452	-0.62512	114.665
-0.28253	0.19135	-0.51892	-0.28173	0.37800	-147.417	169.479	0.06537	0.67079	0.25282
0.04324	0.78667	-128.232	-109.690	-0.17031	-0.70264	-139.776	-0.46330	-116.352	118.414
127.095	102.227	-220.612	-0.50279	-0.46480	-0.64564	-0.56896	0.76952	0.22806	144.745
-131.897	-0.63505	-0.74351	-0.30911	137.842	0.63449	197.425	-104.456	-0.56847	-0.71844
0.33133	166.228	-0.68591	-0.89910	130.748	-0.57808	0.29462	-120.950	-0.30819	-0.93849
-0.91660	0.37094	-0.46196	-0.94252	0.97332	-0.27775	0.19836	-136.265	-114.700	-0.28706
-146.509	-0.03380	0.44520	-0.53305	146.578	-101.388	223.883	-133.594	-0.13315	-108.212
-125.577	-0.48200	-0.37011	-0.55052	0.48312	-0.76902	112.516	-0.61457	-0.51359	0.33497
-0.39184	0.32676	-0.89950	-105.076	-0.53518	-134.670	-116.593	-0.23329	-104.284	163.721
-100.621	-0.89349	-0.85098	-0.49543	-0.74277	-135.128	0.33098	0.41400	-0.40329	195.306
-0.07888	0.35472	-102.129	-0.43018	0.45594	-0.68970	0.95758	-0.14892	0.11877	0.26086
0.24043	120.398	-0.83541	-102.105	0.08750	-136.438	-0.74750	-0.47500	-0.53154	0.68429
0.27000	0.87582	-162.464	-124.833	-0.59732	-0.66722	-227.783	-0.28207	-148.360	178.504
-0.21819	-0.18984	-0.82760	-0.09875	-0.04487	-148.733	177.764	0.60079	0.88399	0.83219
-0.55925	-0.29865	-0.75191	-0.38591	-0.19964	-138.693	0.96236	0.27615	0.15401	112.302
0.01112	-0.04142	-117.935	-0.35633	-0.58811	-150.849	0.53766	0.74178	0.37585	159.633
-271.257	-162.386	0.73110	-0.49447	0.39584	-153.383	205.468	-0.83117	-0.63946	0.47474
-0.74801	-0.40024	-129.758	-0.87777	-0.58237	-0.53584	-0.98018	-0.12396	-132.377	186.023
-0.76462	-0.14826	-0.27276	-0.34399	0.38864	-146.901	171.241	-0.14214	0.36998	0.29096
-0.97539	0.36912	-0.56476	-117.767	0.62801	-0.30315	-0.69853	-141.068	-166.880	0.22215
-135.113	-0.81557	-0.25385	-0.56384	-0.39194	-169.900	0.74382	0.00913	-0.37022	143.672
-103.202	-0.28536	-0.56566	-0.80024	-0.07840	-105.886	0.00909	-0.44049	-0.87765	108.105
0.36624	0.63980	-156.759	-0.65985	-0.02936	-0.51782	-0.31924	0.03156	-0.33569	0.95079
-105.846	-0.61229	-0.74915	-0.45450	0.23536	-0.57448	0.99806	-0.28173	-0.44767	0.69247
-0.92185	-0.61570	-0.57060	-0.18138	0.33126	-0.97928	193.054	0.02859	0.31416	0.45680
-0.04962	159.000	-0.21378	-122.033	0.78244	-142.343	-0.51507	-127.879	-0.74111	-0.26995
0.11004	0.02887	-200.736	-0.70681	-0.60435	-0.13006	-103.788	0.30013	-0.90042	186.034
-0.35713	-0.12704	-131.403	-0.60969	-0.22588	-0.57447	-0.07845	0.04477	-0.57479	128.924
-179.399	-120.179	0.20255	-0.15512	0.40109	-150.452	260.728	-0.19348	0.29944	0.35645
-0.30675	0.08350	-128.189	-0.75286	-0.20036	-0.58871	-0.44384	-0.12967	-0.78418	125.583
0.04955	113.403	-0.87530	-0.93327	0.77163	-0.54415	-0.19097	-0.94416	-0.66654	-0.14088
-0.99425	-111.209	-0.99900	-0.21545	-0.45704	-0.95598	114.696	0.52863	-0.03323	159.060
157.971	176.015	-160.011	-0.74280	-0.69059	-198.791	-0.92688	0.78643	0.56342	153.484
0.00948	0.77286	-136.699	-117.952	-0.22754	-0.56282	-171.558	-0.53592	-140.874	129.763
-0.07494	0.40563	-0.69361	-0.44294	0.13893	-151.574	0.99894	0.09986	0.42502	0.57659
-122.194	-0.78017	-100.354	-0.54152	0.33230	0.08611	0.62625	-0.52668	-0.97305	0.68538
-0.07648	0.18543	-156.947	-0.48746	0.49046	0.24957	0.42581	-0.28356	-0.45203	0.36950
-0.04323	0.63696	-116.296	-0.83811	0.22460	-0.55450	-0.39539	-0.46592	-0.70771	0.63732
-0.95093	-0.27482	-0.45540	-0.35886	0.78808	-0.65014	174.162	-0.52959	-0.02770	-0.12298
-0.23839	0.22771	-0.81483	-0.40340	0.38800	-0.97484	114.926	-0.09745	0.22587	0.32468
-0.00854	-0.12111	-145.408	-0.49781	-0.80464	-119.933	-0.15764	0.70847	-0.10187	196.674
0.43313	142.861	-112.433	-107.064	0.38268	-0.74994	-0.95073	-0.72143	-0.76274	0.34979
-0.06811	0.37179	-104.726	-0.72883	-0.32580	-127.866	-0.27757	0.08164	-0.33007	129.561
-0.62083	0.26757	-0.91292	-113.994	-0.22717	-0.82737	-126.783	-0.64155	-145.920	131.368
-0.95346	-0.14591	0.03410	-0.35654	0.55663	-165.861	198.189	-0.31713	0.42275	0.04085
-0.17218	0.89489	-0.67286	-123.620	-0.34710	-163.830	-143.569	-0.51678	-106.200	131.349
-198.720	-0.83198	-0.05629	-0.79278	0.65278	-0.46639	0.77240	-122.754	-132.688	0.23349
-0.55275	-0.29164	-109.399	-0.33627	0.37725	-0.31566	114.082	-0.12200	-0.12972	0.47445
-145.910	-147.192	-0.63200	0.00805	0.08119	-0.77048	230.583	0.28180	0.23497	0.88638
-0.03973	0.24004	-143.734	-0.53694	0.23026	-0.21831	0.25307	-0.12650	-0.36229	0.66253
-114.497	-0.41969	-0.28388	-0.46593	0.44696	-105.888	140.198	-0.44630	-0.18580	0.32181
0.18969	0.68808	-137.137	-0.86756	-0.16579	-0.75121	-0.82229	-0.15365	-0.68518	113.884
-0.72910	-0.23507	-0.60490	-0.39654	0.30024	-102.199	128.603	-0.15276	0.03598	0.49003
-0.01950	0.54361	-101.080	-0.59197	0.36523	-0.77790	0.46771	-0.25714	-0.11724	0.38096
0.70229	118.442	-150.531	-0.78799	0.09632	-0.71234	-0.57907	-0.11355	-0.27940	0.71599
-0.06070	0.75304	-0.71299	-0.59581	0.72093	-0.89373	0.84356	-0.52008	0.03108	-0.13917
-0.91729	-0.50833	-0.58181	-0.37046	0.12222	-109.099	129.244	-0.04116	-0.01579	0.74860
0.01067	-0.45532	-173.632	-0.41570	-126.264	-121.643	-0.35363	113.744	-0.08863	260.710
-202.004	-164.082	-0.31986	-0.36949	-0.12006	-0.89414	138.855	-0.16433	-0.63766	123.489
-0.83064	-0.27885	-0.62047	-0.73297	-0.42968	-147.895	-0.01907	-0.03920	-0.57475	148.664
-0.22201	0.37694	-106.714	-0.73355	0.18180	-0.65067	-0.05235	-0.35353	-0.56479	0.69273
0.28254	0.83710	-110.390	-0.80655	-0.18742	-129.848	-0.47516	-0.01671	-0.26765	106.633
151.084	-0.77171	0.85568	-0.45007	0.45009	0.94472	-0.35936	178.380	-0.48675	0.54079
114.669	-0.67488	0.76404	-0.39300	114.502	167.445	-0.14230	0.76353	0.11884	0.89124
105.162	-0.98881	0.22731	-0.76617	0.09877	0.36550	0.08902	150.437	-0.60005	-0.01905
105.448	-110.153	0.07600	-0.76052	-0.13021	-0.11129	0.08750	155.340	-0.83653	-0.06539
0.71595	0.53211	-0.60852	0.14481	161.924	0.42531	0.40642	-0.92719	0.45547	0.14163
0.59692	-0.01175	-0.45840	-0.35294	114.543	0.63822	0.52208	-0.25125	0.27793	-0.14179
120.801	-0.42055	-0.13993	-0.37673	0.13362	-0.42442	0.04224	123.761	-0.72200	-0.22506
0.49625	-0.65930	-0.36601	-0.85263	0.51675	0.57272	0.61547	0.49454	-0.06280	-0.42086
0.91270	-141.954	0.14823	-0.71389	0.11757	0.10327	0.06128	105.181	-0.73338	0.51418
125.992	-0.75054	0.33721	-0.41763	0.37307	0.30645	-0.13317	126.644	-0.56744	0.36514
0.28770	-0.44740	-0.74079	-0.97986	0.42798	0.37692	0.89964	0.37701	0.01765	-0.98144
109.507	-102.524	0.18502	-0.68386	0.04962	0.11516	0.03125	145.624	-0.71732	0.08751
0.89060	-0.87022	-0.04176	-0.65464	0.28426	0.19420	0.20959	0.95908	-0.48606	0.02710
0.11469	-0.22917	-0.97307	-0.64188	100.098	0.38477	0.95108	-0.69065	0.32717	-0.51123
124.693	-141.206	0.35448	-0.57539	-0.10139	-0.20809	-0.21582	153.982	-103.990	0.61685
139.303	-139.194	0.58197	-0.62434	-0.16245	0.01762	-0.31422	193.413	-105.493	0.56019
109.212	-0.99058	-0.08001	-0.44702	0.05244	-0.51765	-0.00603	104.733	-0.88709	0.28351
0.09101	-136.057	-165.179	-102.605	-0.76219	-218.784	0.98775	0.28431	-123.427	-0.99447
104.710	-0.09838	0.48322	-0.36457	132.879	176.003	0.08425	0.57217	0.41409	0.31782
0.30243	0.25418	-132.385	-0.18099	103.996	-0.52781	0.83572	-103.748	0.13089	-0.52289
0.66102	-0.78526	-0.51811	-0.58433	0.29307	-0.33964	0.41539	0.40234	-0.50364	-0.10704
0.65570	-140.404	-0.34685	-0.96056	-0.26052	-0.43222	0.39811	110.240	-0.86757	-0.18996
134.323	-0.59210	0.79818	-0.27116	100.344	134.752	-0.28765	100.032	-0.08304	0.88493
0.62972	-0.86562	-0.34096	-0.61272	0.48193	0.09301	0.39313	0.31233	-0.33535	0.10711
136.308	-0.50164	-0.01121	-0.16961	0.20041	-0.58576	-0.16946	114.541	-0.84718	0.21125
101.317	-0.48327	-0.07267	-0.34311	0.58635	0.14127	0.10958	0.63736	-0.35904	0.17436
149.232	-0.24246	0.67557	-0.19321	0.84981	100.635	-0.29935	127.631	-0.19031	0.47385
0.32150	-0.21048	-0.74875	-0.79947	0.69056	0.47091	0.86335	0.09171	0.17303	-0.85589
0.89526	-0.16362	-0.28613	-0.34592	0.71697	0.20139	0.28802	0.43126	-0.15404	-0.16750
120.020	-161.332	0.54685	-0.78486	-0.14445	0.21099	-0.18662	178.490	-0.96927	0.59631
118.334	-0.14256	-0.48979	-0.24228	0.07677	-0.97305	0.12939	103.031	-0.80132	-0.49147
0.50133	-0.50395	-0.87188	-0.81194	0.05022	-0.52421	0.72507	0.61795	-0.46544	-0.96013
0.99689	-130.538	0.25288	-0.90836	-0.09768	0.28577	0.10005	164.542	-0.74672	0.03741
0.97380	-0.79937	0.15023	-0.62713	0.41776	0.52087	0.13311	104.431	-0.37268	0.11847
0.20270	0.09371	-0.57173	-0.78859	128.186	146.056	0.96103	-0.29421	0.77060	-0.77898
130.900	-105.373	0.59232	-0.94247	-0.20848	0.59640	-0.06411	240.054	-0.76043	-0.25325
0.52351	-0.40548	-0.57648	-0.52724	0.74138	0.18933	0.56542	-0.03817	-0.04743	-0.20548
0.51630	-124.592	-0.47113	-124.275	-0.40388	-0.21680	0.64822	139.513	-0.73264	-0.85328
0.98664	-0.23618	-0.07545	-0.40826	0.67711	0.43374	0.20730	0.71652	-0.16306	-0.13140
133.315	-0.27942	-0.63488	0.09559	-0.03224	-185.196	-0.09433	0.74887	-119.661	-0.00525
102.728	-0.57364	0.02704	-0.60433	0.31493	0.30002	0.16846	118.754	-0.42294	-0.19764
0.73278	-0.32604	-0.41224	-0.66625	0.40964	0.17783	0.49374	0.73582	-0.21869	-0.62297
0.92872	-127.204	-0.19881	-0.78831	-0.32912	-0.62800	0.18025	138.738	-103.263	-0.10920
0.44202	-0.51341	-112.244	-0.57650	0.15194	-102.784	0.70678	0.06007	-0.55688	-0.65468
110.441	-0.59233	0.23388	-0.19724	0.89026	0.54444	-0.08133	0.44267	-0.23343	0.75261
0.90083	0.11545	0.24208	-0.30726	150.070	171.575	0.23510	0.17247	0.58236	0.18788
123.143	-0.36824	0.10665	-0.21319	0.59714	0.14183	-0.07056	0.85890	-0.42453	0.27447
0.55724	-0.49341	-0.63471	-0.42082	0.69559	-0.12686	0.49451	-0.15813	-0.19352	-0.01308
0.47220	-0.59511	-0.45492	-0.76632	0.59537	0.46292	0.62487	0.28517	-0.04190	-0.35854
123.697	-0.90727	0.31733	-0.34325	0.40511	0.15929	-0.18255	105.187	-0.63682	0.64879
0.66472	-0.86914	0.01347	-0.89048	0.48811	0.89932	0.41981	0.85776	-0.11891	-0.14572
0.72018	-0.03564	-0.86078	-0.21165	0.60865	-0.66902	0.46580	-0.08241	-0.31427	-0.36312
0.65083	-0.26552	-0.13251	-0.56746	103.520	109.195	0.46109	0.21117	0.27656	-0.11198
162.986	0.12064	0.29797	0.40388	105.666	0.02027	-0.46447	0.51734	-0.37297	0.86416
0.64778	-0.55083	-0.54710	-0.58127	0.40460	-0.16294	0.48013	0.38043	-0.34527	-0.30510
187.467	-0.07970	111.793	-0.10511	0.82905	129.999	-0.59100	191.076	-0.24340	0.52365
0.52288	-0.93013	-0.60956	-0.63286	0.31653	-0.35744	0.49529	0.17985	-0.48026	-0.02249
0.86294	-111.957	-0.20848	-0.67073	0.00076	-0.36966	0.20549	0.97709	-0.78927	0.06705
138.034	-0.12567	-0.26234	-0.05652	0.20158	-0.90304	-0.09279	105.712	-0.83414	-0.12887
0.90455	-124.136	-0.32285	-0.74725	-0.36199	-0.84721	0.20691	128.599	-108.441	-0.14464
112.779	-0.53768	0.65263	-0.68907	0.76312	161.576	0.03971	139.025	0.04489	0.09610
0.93819	-112.704	-0.39386	-0.53957	-0.19979	-102.153	0.14345	0.96223	-107.096	0.07489
0.88936	-0.89105	-0.09186	-0.77666	0.07133	0.07314	0.26416	123.326	-0.58618	-0.24891
114.246	-0.86234	0.46665	-0.79715	0.22960	0.84721	0.03588	171.733	-0.42976	-0.05348
0.71646	-0.28818	-0.60453	-0.30387	0.67444	-0.26098	0.40034	-0.00152	-0.25195	-0.09145
146.088	-100.007	107.980	-0.57357	0.53995	141.196	-0.37518	182.509	-0.37160	0.74984
0.93100	-0.41080	-0.48828	-0.46366	0.15208	-0.58403	0.29707	0.84172	-0.62915	-0.43856
0.72462	-0.78300	-0.42462	-0.64663	0.20743	-0.25532	0.38867	0.66293	-0.53268	-0.21438
153.331	-118.491	0.44581	-0.54369	-0.38272	-0.46672	-0.35208	218.220	-126.053	0.26729
143.277	-0.48261	0.81264	-0.33365	0.83101	127.755	-0.28961	136.149	-0.16104	0.58479
0.48803	-121.462	-0.36544	-104.197	0.02874	0.10826	0.57019	0.85705	-0.49517	-0.34067
194.192	0.07535	101.793	0.18464	101.393	100.191	-0.69161	151.152	-0.26296	0.81021
136.409	0.36619	0.57811	-0.01444	149.604	161.302	-0.14438	0.62359	0.40766	0.38624
0.86982	-107.259	-0.04847	-0.58813	0.29524	0.03272	0.14938	0.76034	-0.58012	0.34236
0.88995	-102.285	-0.44077	-0.63094	-0.22174	-0.91175	0.23943	105.327	-0.99160	-0.18602
154.596	-0.43887	0.33916	-0.48868	-0.09260	-0.07597	-0.19193	216.272	-0.84994	-0.34631
0.23392	-0.34542	-0.87149	-0.99612	0.40932	0.28552	0.98329	0.32599	0.04193	-116.410
0.59789	-129.696	-0.69063	-0.80154	-0.30336	-104.738	0.45364	0.74976	-0.99752	-0.22517
110.663	-101.415	0.24703	-0.55500	0.26031	0.23049	-0.03620	118.926	-0.62725	0.38532
127.123	-0.53195	0.13545	-0.31469	0.35192	-0.02070	-0.09404	116.056	-0.60767	0.18702
123.107	-0.76239	0.07479	-0.32457	0.23104	-0.28190	-0.10905	109.365	-0.76662	0.34048
0.88957	-133.497	0.53185	-103.562	0.25725	120.576	0.15251	153.284	-0.34049	0.19356
124.372	-0.43301	0.28395	-0.40680	0.51283	0.50698	-0.04654	123.230	-0.36807	0.09491
149.357	-0.94731	0.37415	-0.30008	0.02106	-0.35876	-0.36139	159.761	-102.667	0.53944
112.915	-0.94098	-0.00406	-0.36587	0.19298	-0.38773	-0.06207	0.94315	-0.81298	0.43914
0.95667	-0.03119	0.01445	-0.11106	129.721	0.87157	0.13363	-0.01895	0.21204	0.42068
124.155	-0.85854	-0.01037	-0.28331	0.11519	-0.60655	-0.13765	106.214	-0.92624	0.40795
0.87921	-0.22625	0.18433	-0.66685	0.87136	136.133	0.32547	0.89107	0.21222	-0.29051
130.810	-0.48739	0.61748	-0.41610	0.73826	111.029	-0.15239	128.956	-0.17778	0.37174
0.25246	0.16915	-0.96693	-0.61139	0.98397	0.43274	0.95209	-0.39021	0.39013	-0.92054
100.840	-0.05383	0.04464	-0.15975	116.496	0.80664	0.11401	0.20532	0.12513	0.31299
0.66634	-0.27439	-0.22627	-0.70467	0.72810	0.83841	0.52335	0.57766	0.10757	-0.48909
0.65573	-0.37427	-0.28661	-0.55265	0.81221	0.60599	0.45616	0.24716	0.03935	-0.14805
0.73297	-0.27208	-0.40922	-0.66998	0.43507	0.23478	0.50686	0.74484	-0.17914	-0.67170
0.89698	-0.40858	-0.15297	-0.45198	0.61771	0.30785	0.24964	0.60241	-0.22512	-0.05493
0.97886	0.38988	-0.07188	-0.14166	132.823	100.121	0.24548	0.14956	0.37333	-0.09179
-0.08824	-0.38610	-157.257	-103.943	0.13343	-0.67067	129.917	-0.14667	-0.17087	-153.981
0.89275	-0.21284	-0.41295	-0.48055	0.38866	-0.12646	0.35613	0.75711	-0.35393	-0.51860
0.66959	0.39099	-0.10532	-0.19321	180.870	166.687	0.44362	-0.52406	0.84594	0.11327
0.46795	0.39649	-112.616	0.00764	125.529	-0.33960	0.66379	-108.237	0.20977	-0.25057
0.34971	-0.07009	0.18416	181.236	0.43914	0.00805	0.12595	-0.04365	-0.45677	0.33809
-0.02753	0.06780	0.34048	273.173	0.81665	-0.43876	0.30896	0.13763	-0.35120	0.53486
104.532	-0.36623	-0.70805	-0.62856	-0.60424	133.846	-145.188	0.13576	-135.836	0.50072
0.53369	-0.46463	0.02487	0.75456	-0.08100	0.58081	0.32196	-0.98700	-0.60433	0.08933
0.39957	-0.53211	0.36941	130.298	0.21349	0.50406	-0.02376	-139.772	-0.94909	0.59999
-0.02520	-0.58552	0.28277	163.014	0.19514	0.17786	116.337	-168.931	-0.38428	0.09446
0.16584	-0.23244	0.19622	183.246	0.39324	0.05907	0.31217	-0.53641	-0.53400	0.39168
0.87979	-0.81006	-0.60971	-0.98520	-0.87329	157.044	-0.61516	-126.462	-128.903	0.22159
0.34228	-0.45753	0.27648	135.799	0.20392	0.38304	0.24388	-117.072	-0.72856	0.40175
-0.06501	-0.19679	-107.022	0.66608	-0.29190	0.58374	-0.64950	0.62032	-0.98728	0.55302
0.40944	-0.83053	-0.21636	0.08540	-0.46708	104.065	0.24870	-179.207	-0.96300	0.19215
181.329	-0.13020	0.75999	0.42258	0.14950	0.65118	-0.18300	-0.42079	-0.36877	-0.21226
142.891	-0.60692	-0.39006	-108.803	-0.69225	175.794	-192.218	-0.64014	-178.162	0.74774
0.78575	-0.91060	-0.01007	-0.22855	-0.45358	142.051	-0.80642	-197.325	-158.984	0.73620
122.798	-0.37672	0.87900	112.155	0.45905	0.81118	-156.730	-105.448	-158.506	123.574
0.07413	-0.67502	-0.18617	0.81175	-0.18747	0.64693	0.43607	-146.361	-0.81273	0.28914
0.30345	-0.77901	-0.49626	-0.05927	-0.60117	100.612	0.46459	-148.445	-0.78311	-0.02449
111.776	-0.74777	-0.23341	-0.72673	-0.63402	152.543	-0.94866	-130.749	-141.922	0.44202
0.78674	-0.31772	-0.54667	-0.03815	-0.40008	0.95903	-0.72142	0.01283	-0.96768	0.27536
0.76781	-0.39797	0.12248	0.78659	0.13009	0.93663	-173.763	-0.57203	-173.610	130.820
0.99174	-0.14424	0.05603	0.71867	0.10269	0.67848	-105.604	0.09348	-104.121	0.60685
0.69748	-0.63279	-0.73380	-0.67611	-0.81778	119.560	0.15874	-0.82268	-0.70650	-0.25893
103.202	-0.51361	-0.00564	-0.07962	-0.41032	0.84593	0.68393	-108.447	-0.28916	-0.51116
0.66503	-0.77852	-0.21459	-0.24265	-0.61817	0.98953	0.98195	-172.297	-0.40836	-0.48520
0.05508	-0.90480	-0.61971	-0.12967	-0.77872	0.87783	159.569	-191.352	-0.26113	-0.62162
0.29766	-0.36182	-0.26675	0.80874	-0.18827	0.31249	120.507	-0.63973	-0.01303	-0.49023
104.964	-0.21535	-0.29315	0.04613	-0.29314	0.82360	-0.41438	0.08593	-0.65618	-0.01367
0.49666	-0.29131	0.00903	108.713	0.12046	0.48425	-0.33542	-0.42435	-0.86081	0.50015
128.618	-0.12615	0.80113	126.411	0.49517	0.46830	-0.84491	-0.41447	-0.91179	0.62191
190.535	-0.66371	0.10070	-122.450	-0.61583	184.932	-181.625	-112.041	-169.812	0.59206
0.73535	-0.61562	-0.12273	0.08699	-0.35906	0.98310	-0.06996	-120.281	-0.89549	0.16370
0.77013	-0.44339	0.73677	138.644	0.37922	0.45880	-0.10413	-138.136	-0.86739	0.54795
0.20664	-0.32170	0.37204	183.601	0.38942	0.03200	0.76285	-0.96563	-0.34943	0.17399
0.99487	-0.63232	0.00407	-0.18698	-0.46984	0.96702	0.62201	-140.660	-0.43860	-0.41130
0.85018	-0.80221	-0.13453	-0.35624	-0.54984	128.141	-0.20794	-166.209	-110.450	0.20927
0.82303	-0.12621	-0.28679	0.50202	-0.11699	0.59774	-0.38463	0.28890	-0.62475	0.11232
0.64222	-0.40082	0.35832	116.475	0.22206	0.54132	-0.34620	-0.96335	-0.96443	0.60137
101.316	-0.43427	0.19958	0.34056	-0.17010	0.70219	0.44814	-0.99669	-0.39436	-0.25905
0.23100	-0.68324	0.58317	145.806	0.14542	0.17222	190.078	-224.852	0.00856	-0.40299
0.50138	-0.78175	0.11600	0.46792	-0.20813	0.94059	-0.01096	-186.577	-109.434	0.45046
0.62454	0.08314	0.45126	198.783	0.61116	-0.14518	0.20357	0.18852	-0.23860	0.18627
0.86111	-0.16887	-0.70797	-0.14938	-0.47192	0.83827	-0.38000	0.49681	-0.59540	-0.11737
0.04038	-0.17829	-0.19986	157.139	0.18619	0.05891	0.53041	-0.13655	-0.34126	0.12919
0.46956	-0.72197	0.05977	0.54713	-0.16307	0.92400	-0.27119	-163.106	-120.180	0.60267
0.93065	-0.56598	-0.23985	-0.24346	-0.47116	112.370	-0.34642	-0.91951	-0.95215	0.13523
100.126	-0.37194	0.94613	145.789	0.51055	0.47291	-0.46269	-127.081	-0.98593	0.70475
116.908	-0.16016	0.55884	101.513	0.26910	0.40520	-0.01764	-0.44985	-0.44429	0.04975
0.68441	-0.21988	-0.86555	-0.15082	-0.50272	0.93592	-0.77465	0.51151	-0.90456	0.20292
154.291	0.03680	101.810	142.127	0.65496	0.32944	-0.85025	-0.10918	-0.73397	0.51052
0.45860	-0.67626	-0.06469	0.40171	-0.31584	0.73880	0.78462	-155.982	-0.51489	-0.15617
190.570	-0.22644	0.42703	-0.16467	-0.05110	121.771	-179.072	-0.19654	-135.173	0.63549
0.55526	-0.03339	0.50266	201.382	0.64536	0.02122	-0.33928	-0.09745	-0.68958	0.64572
111.664	-0.39713	0.13894	0.18555	-0.21703	0.76950	0.26861	-0.81406	-0.43524	-0.25421
0.33328	-0.30530	0.11692	138.269	0.19243	0.24453	0.40819	-0.66489	-0.48284	0.18557
111.124	-0.29941	-0.05109	0.20657	-0.11771	101.369	-137.463	-0.18411	-131.909	0.71320
158.155	-0.62259	0.18502	-0.71297	-0.53186	131.960	-0.16394	-133.877	-0.76690	-0.22912
0.17511	-0.45544	-0.37386	0.83054	-0.09744	0.71505	-0.65960	-0.57020	-123.487	0.79275
0.33842	-0.61334	-0.14652	0.55978	-0.27027	0.63964	0.78171	-134.319	-0.48556	-0.12302
111.924	-0.37703	-0.00836	0.12037	-0.17019	105.168	-116.198	-0.45291	-126.021	0.60686
0.53791	-0.93933	-0.23806	-0.23055	-0.54882	137.335	-0.54289	-194.404	-149.440	0.63475
116.182	-0.44020	-0.49033	-0.68859	-0.65033	123.170	-0.50337	-0.34292	-0.84583	-0.08157
105.754	-0.52036	0.79132	0.93069	0.21317	0.65219	0.01484	-161.070	-0.79007	0.30782
116.389	-0.42296	0.70652	0.80858	0.16157	0.60790	0.15981	-129.198	-0.58063	0.07120
0.56660	-0.12708	0.51801	190.899	0.62431	0.20372	-0.79454	-0.29703	-104.208	0.96633
117.736	-0.06145	0.40151	0.97636	0.26467	0.42966	-0.41045	-0.01117	-0.57499	0.20104
130.593	-0.41171	0.23730	0.07048	-0.17769	0.96341	-0.43644	-0.80829	-0.83296	0.12542
0.93753	-0.34545	0.37948	0.78582	0.03272	0.43611	0.75783	-0.94574	-0.17540	-0.33956
0.53508	-0.34595	-114.545	-0.53518	-0.80543	0.98437	-0.00044	0.26078	-0.55127	-0.30843
147.234	-0.24895	0.34553	0.19820	-0.07992	0.77740	-0.17532	-0.46862	-0.50584	-0.15014
0.32142	-0.21492	0.45305	192.855	0.46383	-0.08132	0.87571	-0.74170	-0.16973	0.03258
0.29094	-0.52391	0.19748	122.979	0.11841	0.45975	0.26756	-129.869	-0.77479	0.39932
0.60024	-0.76738	0.38396	0.65185	-0.10678	0.76688	0.56934	-209.711	-0.73943	0.12742
-0.29302	0.02429	0.41691	310.407	0.91678	-0.64140	0.79413	-0.13547	-0.17764	0.45496
139.441	-0.65875	-0.00876	-0.73682	-0.59170	137.672	-0.36259	-128.489	-0.94379	-0.05162
0.35791	-0.48804	0.07587	104.810	0.04573	0.53819	0.06708	-107.491	-0.83167	0.41423
154.168	-0.35379	0.44012	0.12330	-0.03995	103.903	-103.745	-0.69543	-110.687	0.43823
0.73090	-0.53904	0.27184	0.67318	-0.06377	0.64498	0.44238	-136.607	-0.57240	0.00814
117.985	-0.37943	-0.07736	-0.10652	-0.32434	0.98531	-0.40223	-0.50365	-0.77990	0.02991
0.08811	-0.54250	-0.16595	103.364	-0.05057	0.54592	0.14459	-108.158	-0.87430	0.45002
0.94067	-0.40230	0.27896	0.66710	0.05742	0.79080	-0.70060	-0.82270	-108.820	0.58054
152.194	-0.29685	130.774	135.284	0.66307	0.64905	-128.353	-116.735	-132.011	103.190
121.819	0.22728	0.99393	214.778	0.96368	0.00586	-114.415	0.42132	-0.83403	0.88126
0.59041	-0.59202	-0.20456	0.20599	-0.35425	0.87597	0.15947	-112.649	-0.76642	0.07102
0.55033	-0.20988	-0.21529	0.94226	0.13238	0.75245	-174.797	0.16343	-159.934	126.009
0.74583	-0.71015	0.23890	0.42098	-0.13113	102.198	-0.51633	-166.777	-128.673	0.65123
102.959	-0.30691	0.42716	0.84178	0.15116	0.59209	-0.25114	-0.72928	-0.73095	0.27240
0.35055	-0.89596	0.10741	0.51312	-0.20969	102.982	-0.21843	-215.588	-135.611	0.71772
0.11596	-0.10969	0.98280	302.522	0.99455	-0.57459	116.890	-0.92470	-0.02557	0.22630
0.91883	-0.42195	0.54391	0.95743	0.17515	0.57213	0.00857	-117.534	-0.71697	0.26605
0.87796	-0.23395	0.20838	0.95666	0.22456	0.70363	-132.594	-0.23950	-132.975	0.96274
0.84073	-0.49492	-154.137	-164.761	-129.125	157.389	-0.58826	0.27754	-0.89947	-0.30388
190.918	-0.24066	-0.14326	-0.92933	-0.49718	143.235	-156.657	0.16627	-115.686	0.20567
171.380	0.01012	132.884	161.634	0.89484	0.52313	-204.517	-0.23178	-146.830	133.382
0.69837	-0.38873	0.04848	0.71120	-0.01833	0.68558	-0.35296	-0.68888	-0.90438	0.40872
-0.28827	-0.17221	-118.161	0.83227	-0.30946	0.37952	-0.02246	0.65779	-0.63561	0.24035
0.29107	-0.85947	-0.12695	0.32432	-0.36524	0.98096	0.21352	-194.691	-105.200	0.35161
0.64543	-0.39258	-0.00201	0.73761	-0.00077	0.73905	-0.68181	-0.62253	-111.365	0.63889
140.943	-0.21072	0.71954	0.76951	0.17870	0.42525	0.54552	-0.75491	-0.10314	-0.40203
0.71594	-0.24129	0.07551	0.90238	0.05098	0.42352	0.19965	-0.38684	-0.44506	0.01184
-0.84698	0.03333	0.23622	362.393	0.99467	-0.96888	140.696	-0.12547	0.07125	0.35885
0.04425	0.96547	0.36118	-131.701	133.210	0.08277	110.926	-0.14013	-0.37690	117.299
159.752	0.47582	0.91295	-0.02970	-0.65825	-0.10034	205.007	-154.777	0.23071	-106.999
105.434	0.50598	0.36639	-0.19030	0.36134	-0.41592	0.53947	0.08719	-0.85807	-0.58678
127.934	-0.03978	0.44473	0.53833	-0.12324	-0.65210	0.37246	0.99347	-159.072	-114.959
0.12376	0.96176	0.46135	-112.975	125.204	0.13887	102.867	-0.31358	-0.22075	0.99781
0.56225	114.594	0.55923	-0.95522	0.97046	0.16875	0.98341	-122.448	0.36521	0.37940
0.58433	116.239	0.30836	-0.91202	120.926	-0.05396	0.30202	-0.73168	-0.03919	0.21953
0.83159	0.20887	0.41230	-0.09006	0.31163	-0.43400	0.74809	0.79852	-133.303	-0.30594
0.93171	0.36175	0.55459	-0.30402	0.11965	-0.26665	135.572	0.00066	-0.77378	-0.25610
138.236	0.83953	0.45421	-0.02237	0.35690	-0.30777	0.10979	-0.90775	-0.11915	-112.472
0.49467	0.86021	0.34315	-0.96697	0.93843	-0.11192	0.95272	-0.25468	-0.44543	0.45635
102.037	0.71865	0.07112	-0.38296	0.77571	-0.57597	-0.15065	0.27456	-102.195	-0.59629
104.308	0.68723	0.16775	-0.24700	0.70494	-0.51574	-0.13644	0.18732	-0.92494	-0.66689
135.689	0.57187	0.64261	0.07479	-0.00455	-0.24209	0.79503	-0.77913	-0.22097	-101.128
102.694	0.79711	0.71597	-0.35491	0.28981	0.01866	115.147	-116.722	0.18794	-0.38522
116.507	0.29400	0.28678	-0.02809	0.18201	-0.60485	0.49827	0.55741	-129.153	-0.79270
153.211	0.63966	0.33318	0.02423	0.12352	-0.53333	0.23401	-0.49547	-0.56124	-131.468
0.22363	0.86605	0.09721	-112.620	137.224	-0.24540	0.44527	0.46802	-0.93778	0.76515
110.251	0.64531	0.42431	-0.40865	0.28447	-0.31383	0.93433	-0.45502	-0.48415	-0.50653
0.86589	0.98980	0.43123	-0.79550	0.68109	-0.09327	0.92333	-0.97939	0.01565	-0.07389
0.64806	0.92977	0.50086	-0.97562	0.69855	0.01268	136.188	-0.88206	-0.00600	0.33616
168.987	0.06295	0.46922	0.63957	-0.43097	-0.70682	0.43090	0.34759	-124.329	-169.319
111.874	0.63940	0.51725	-0.16472	0.30694	-0.25070	0.65908	-0.49536	-0.38467	-0.65276
138.430	0.63957	0.42588	-0.07006	0.15111	-0.40727	0.50502	-0.56853	-0.44596	-104.881
151.398	0.45437	0.44336	0.20634	-0.04755	-0.51124	0.41742	-0.28797	-0.69357	-132.256
0.61527	0.79469	0.46401	-0.88072	0.67924	-0.06726	128.501	-0.49055	-0.30194	0.33085
0.32328	110.379	0.45683	-0.99711	125.495	0.12887	0.67722	-0.68333	0.03426	0.64361
116.970	0.23528	0.48180	0.08532	0.00356	-0.46242	0.81976	0.31751	-106.904	-0.78038
0.59854	0.78651	0.77892	-103.870	0.32556	0.21924	234.871	-121.092	0.25309	0.58702
169.750	0.46756	0.51273	0.19510	-0.30022	-0.49396	0.75741	-0.68300	-0.47287	-149.396
0.78037	0.82561	0.36800	-0.99332	0.55815	-0.17885	140.666	-0.61741	-0.32167	0.17772
0.14953	123.806	0.24625	-126.759	162.423	0.05492	0.35262	-0.42813	-0.14216	0.89874
0.59619	0.74408	0.49687	-0.83203	0.64479	-0.05494	132.996	-0.42303	-0.33933	0.34618
107.813	0.92351	0.51019	-0.59923	0.41733	-0.11592	101.588	-116.657	0.10086	-0.39309
0.27234	0.74098	0.26328	-0.94770	113.862	-0.16890	0.72333	0.38160	-0.85706	0.69112
0.63417	0.72833	0.55524	-0.55280	0.68309	-0.03361	0.93852	-0.37976	-0.31188	0.14050
135.350	0.41806	0.22463	-0.15800	0.09133	-0.65646	0.59119	0.17421	-110.384	-0.97258
0.41731	0.65265	0.47219	-0.84083	0.76241	-0.06301	128.069	-0.01585	-0.59076	0.56642
146.394	0.28144	0.42524	0.20937	-0.15189	-0.57994	0.62974	0.08469	-0.99848	-122.741
0.30929	137.698	0.27893	-137.780	150.576	0.09922	0.56915	-0.98211	0.21160	0.77110
0.13164	117.912	0.21077	-131.201	159.165	0.00817	0.45256	-0.26983	-0.28571	0.95147
116.998	0.77285	0.44025	-0.23742	0.41761	-0.27772	0.44572	-0.65746	-0.28240	-0.72855
123.053	0.52611	0.53153	0.22035	0.26111	-0.33058	0.18748	-0.22754	-0.56672	-100.294
108.210	0.70977	0.52896	-0.42540	0.27030	-0.19073	107.729	-0.75835	-0.21704	-0.44854
106.173	0.34526	0.42443	-0.27110	0.09535	-0.42419	114.028	0.15805	-0.97036	-0.47052
0.29093	0.82487	0.44373	-101.453	100.822	0.02035	115.151	-0.18931	-0.40351	0.76529
224.067	0.42613	0.73309	0.43579	-0.99892	-0.47388	136.183	-157.493	0.02440	-216.037
0.88001	0.84773	0.45952	-0.81842	0.48381	-0.12531	130.561	-0.84644	-0.13098	-0.02209
101.332	0.41014	0.73073	-0.44980	-0.15291	-0.10781	206.628	-0.63469	-0.33286	-0.18924
0.97747	0.45519	0.61986	-0.51783	-0.00553	-0.17520	183.782	-0.47851	-0.45614	-0.16030
178.867	0.60711	0.37672	-0.05233	-0.26626	-0.57269	0.80569	-0.89766	-0.40359	-151.961
145.875	0.65866	0.55412	-0.06443	-0.02105	-0.30738	0.82891	-0.94994	-0.16817	-108.890
180.381	0.63297	0.67084	0.17057	-0.40025	-0.31894	0.98369	-141.518	0.08960	-157.814
129.828	0.62515	0.48222	0.03813	0.23644	-0.34537	0.34823	-0.48530	-0.43413	-100.095
230.465	0.50499	0.59633	0.82453	-0.66101	-0.60066	0.14158	-123.765	-0.15780	-257.551
0.73732	0.85931	0.24817	-0.59153	0.95765	-0.27981	0.17451	-0.10469	-0.59072	-0.10814
0.80613	0.84979	0.08532	-0.75306	0.93311	-0.43737	0.22345	0.05486	-0.81393	-0.13647
135.999	0.44662	0.56609	0.01269	-0.10022	-0.35508	0.97643	-0.46918	-0.51748	-0.96740
0.92853	142.185	0.69339	-0.84132	0.79618	0.28805	0.91622	-230.664	112.891	-0.12883
0.50695	0.98418	0.38406	-135.642	0.80955	-0.01254	166.344	-0.80730	-0.09823	0.69129
0.47350	110.014	0.17943	-0.86171	140.692	-0.16393	-0.10029	-0.19947	-0.41003	0.27350
0.11069	107.976	0.36556	-131.668	137.296	0.11238	0.97890	-0.40992	-0.17425	106.847
0.95508	0.32324	0.45251	-0.10321	0.25188	-0.38749	0.78489	0.37624	-104.092	-0.45000
107.505	-0.10094	0.18369	0.03970	0.00444	-0.82563	0.73466	154.637	-209.680	-0.66892
139.870	0.69645	0.41919	-0.35590	0.04859	-0.38115	100.781	-0.85133	-0.30095	-0.88747
0.75448	0.89670	0.15571	-0.43393	114.258	-0.35936	-0.42429	0.11050	-0.72368	-0.28317
189.451	0.71585	0.84653	0.13494	-0.58897	-0.15523	140.678	-204.196	0.55786	-160.691
0.95466	0.89518	0.56793	-0.31606	0.62008	-0.05669	0.47974	-0.90263	0.03712	-0.41928
137.844	0.59112	0.19894	-0.02176	0.33540	-0.62643	-0.04272	0.01455	-0.91731	-115.318
177.006	0.30768	0.49986	0.41568	-0.41376	-0.59683	0.61680	-0.34708	-0.74734	-168.553
0.54024	0.39657	0.31953	-0.59599	0.63353	-0.34049	0.98569	0.71423	-122.701	0.27338
0.92105	0.37850	0.42121	-0.19291	0.32550	-0.38033	0.77040	0.33578	-100.776	-0.37903
0.66085	0.17068	0.43750	0.22345	0.60041	-0.39597	0.04374	122.279	-149.448	-0.31089
0.29916	0.90794	0.44248	-0.92127	113.428	0.04415	0.81021	-0.26574	-0.30331	0.66810
136.133	0.53056	0.55760	-0.07450	-0.05460	-0.32653	0.99265	-0.64326	-0.38881	-0.93630
164.411	0.43882	0.88666	0.33613	-0.52991	-0.16828	132.507	-124.971	0.06629	-137.272
143.254	0.50642	0.45806	0.20248	0.07847	-0.45629	0.28712	-0.30342	-0.62770	-123.852
0.88881	0.97874	0.23182	-0.84437	0.79659	-0.27683	0.60661	-0.61144	-0.31886	-0.14298
127.169	0.84444	0.37935	-0.31180	0.39545	-0.32769	0.43318	-0.81805	-0.21999	-0.83507
0.73562	0.86383	0.44593	-0.96339	0.59198	-0.08506	141.191	-0.76376	-0.15993	0.22732
0.98697	0.62460	0.22587	-0.56763	0.48092	-0.45750	0.73564	0.02206	-0.86585	-0.34352
0.88013	126.343	0.47553	-0.81489	0.89484	0.04740	0.59126	-153.170	0.49968	-0.13618
127.090	0.45500	0.39414	0.22300	0.26858	-0.48972	0.02986	0.12003	-0.88724	-108.468
158.942	0.53614	0.42662	-0.03049	-0.15590	-0.50331	0.80790	-0.63121	-0.51428	-127.358
117.249	0.30561	0.45545	0.03249	0.06776	-0.45689	0.74748	0.22267	-0.99808	-0.77780
147.735	0.88087	0.77939	-0.11269	-0.04060	-0.02673	107.409	-181.867	0.55845	-104.868
0.59473	0.89454	0.36669	-0.84264	0.90985	-0.11116	0.77979	-0.39690	-0.34078	0.25992
0.53522	114.348	0.42693	-117.258	100.016	0.06935	111.546	-105.906	0.17542	0.50588
128.965	0.48334	0.43522	-0.09690	0.07184	-0.43193	0.77098	-0.24415	-0.69231	-0.87742
0.61196	103.962	0.29580	-0.91028	106.638	-0.11945	0.51589	-0.54508	-0.22730	0.21749
0.54394	0.99722	0.22656	-0.74083	124.775	-0.18670	0.00560	-0.14035	-0.47683	0.16072
0.92747	0.71417	0.47506	-0.39317	0.50697	-0.19648	0.72533	-0.44423	-0.37804	-0.32231
0.59940	0.97095	-0.09328	-0.58703	152.663	-0.50092	-0.96124	0.59438	-107.232	-0.12771
0.99008	0.60703	0.22695	-0.73914	0.36820	-0.45561	113.628	-0.06996	-0.84774	-0.22385
0.82082	0.89797	0.59252	-0.83923	0.46974	0.02797	151.060	-114.121	0.14776	0.09712
119.008	0.70858	0.66402	-0.09598	0.20601	-0.11764	0.79945	-0.94819	-0.01874	-0.73945
0.64569	0.74055	0.35283	-0.78026	0.74308	-0.19901	0.94070	-0.14673	-0.58054	0.19877
0.44103	0.77131	0.09455	-102.893	109.427	-0.34727	0.61436	0.42192	-100.747	0.48334
0.30246	140.358	0.36578	-142.012	144.067	0.18980	0.80606	-122.269	0.40535	0.83517
0.74305	117.836	0.45997	-0.80269	0.97671	0.03750	0.54797	-119.039	0.28644	0.02522
145.000	-106.678	-0.05068	0.24041	104.475	-125.833	-0.81267	0.33515	-0.10210	0.26003
-0.23720	-0.42278	-0.81932	148.313	0.54292	-0.37667	-0.41115	0.14066	-0.70275	-0.07078
158.700	-111.047	-0.10860	-0.18452	102.926	-132.950	-0.92315	0.09749	-0.43218	0.44445
0.64434	-0.21721	-0.46970	194.644	0.34498	-152.064	0.38847	-0.74569	-102.364	-115.285
149.888	-119.055	0.09220	0.53921	141.984	-100.774	-0.73199	0.81640	0.02909	0.32763
0.63582	-0.60127	-0.40100	143.760	0.85786	-0.91400	-0.14973	0.07859	-0.73056	-0.32660
0.76025	-0.96941	-0.17143	121.589	134.258	-0.50826	-0.56035	0.99341	-0.05405	0.21806
0.61783	-0.78547	-0.47091	0.83033	0.98240	-0.65588	-0.56370	0.26563	-0.76098	0.23101
-0.29617	-0.27775	-109.669	0.75922	-0.00051	-0.69867	-0.64500	-0.65639	-110.157	0.01891
0.72274	-0.74106	-0.68430	-0.31828	0.33596	-113.560	-107.729	-0.52221	-0.82493	0.47895
0.63059	-0.72345	-0.78273	-0.15481	0.58679	-0.86420	-0.87821	-0.53505	-146.157	0.56095
0.12557	-119.622	-0.65617	-0.67569	0.77062	-0.02792	-207.955	110.285	0.58523	160.082
-0.50228	-0.18455	-0.84096	304.225	112.785	0.07873	0.64869	0.29191	-174.898	-0.67556
-0.22209	-0.15276	-0.85042	223.527	0.53044	-0.57998	0.28720	-0.32027	-139.974	-0.70997
131.270	-114.858	0.05186	0.67168	134.441	-0.91982	-0.76414	0.91338	0.22133	0.30238
142.697	-106.863	-0.30902	-0.53921	0.88409	-125.097	-107.675	-0.16058	-0.77138	0.65540
0.47596	-0.53192	-0.56387	169.073	112.668	-0.58729	0.15408	-0.03050	-163.055	-0.27846
0.79907	-0.60739	-0.30537	132.898	0.69622	-119.080	-0.21734	-0.00117	-0.38724	-0.44799
0.02645	-0.32715	-0.88992	114.253	0.32860	-0.78366	-0.29307	-0.54447	-128.271	-0.21301
0.56222	-0.48241	-0.65633	0.93870	0.54621	-105.537	-0.24228	-0.55489	-132.617	-0.22297
0.48878	-0.81669	-0.65664	0.82066	138.663	-0.18172	-0.40651	0.25132	-179.375	0.55174
-0.72788	0.26191	-120.937	241.038	-0.18521	-0.81194	0.43948	-109.042	-165.398	-113.168
0.33964	-0.84803	-0.34798	165.224	142.366	-0.12549	-0.37452	108.655	-0.38389	0.19369
0.62042	-0.72028	-0.36029	170.151	136.597	-0.48477	-0.00165	0.48675	-108.710	-0.13033
-0.55135	-0.11905	-137.584	0.85251	0.02752	-0.47774	-0.39749	-104.748	-209.012	0.03950
0.58688	-105.735	-0.53690	0.36706	149.242	-0.06289	-0.87021	0.70992	-116.552	0.97006
0.17404	-0.21879	-0.71973	177.414	0.34181	-103.836	0.12564	-0.57422	-115.036	-0.74736
-0.02839	0.22965	-0.67076	275.439	-0.38154	-170.359	0.62972	-104.155	-0.45986	-186.945
0.27967	-0.19240	-0.73577	216.005	0.76719	-0.84907	0.60137	-0.66405	-210.413	-0.83973
117.459	-0.92728	-0.20421	0.74676	121.630	-0.95592	-0.44199	0.27450	-0.77065	0.13578
0.90874	-104.587	-0.35771	-0.15181	0.83001	-0.85624	-125.071	0.40463	-0.04090	0.71679
0.37273	-0.67837	-0.87833	0.33088	0.90673	-0.42906	-0.59646	-0.33651	-197.312	0.57674
0.48933	-0.64476	-0.51741	110.644	0.81104	-0.74975	-0.40291	0.10711	-0.75075	-0.03134
0.62416	-103.022	-0.59279	0.05224	127.124	-0.24313	-100.654	0.45381	-115.149	0.99977
-0.11916	0.07656	-115.425	0.93659	-0.61469	-149.685	-0.21742	-167.559	-141.776	-0.75275
0.91319	-0.75476	-0.48173	0.03142	0.41310	-130.672	-0.89879	-0.36018	-0.48366	0.19741
0.64496	-0.74820	-0.49282	127.695	137.532	-0.42925	-0.11553	0.24693	-157.670	0.12919
0.21453	-0.40156	-0.95530	0.20075	-0.02728	-110.428	-0.77493	-0.91894	-113.393	0.08763
-0.19501	-0.08716	-0.88664	255.589	0.74892	-0.48716	0.64942	-0.45493	-205.863	-0.84653
-0.97401	0.26548	-127.499	256.489	-0.11746	-0.53974	0.40284	-0.86494	-159.452	-103.145
107.591	-121.029	-0.46742	-0.77487	114.112	-0.62390	-140.362	0.29089	-0.86372	124.884
0.67268	-0.70301	-0.76779	0.15149	0.82298	-0.75842	-0.59395	-0.52588	-188.675	0.46191
136.957	-0.93637	-0.21138	0.69513	138.880	-0.99087	-0.25328	0.05800	-137.498	0.13663
0.85303	-0.91975	-0.34847	0.46174	0.96402	-0.81273	-0.81016	0.35876	-0.38861	0.37604
0.40258	-0.61877	-0.71903	0.49866	0.53990	-0.80599	-0.68782	-0.26620	-0.98932	0.22718
0.86408	-0.54163	-0.25928	138.330	0.49892	-144.355	-0.17790	-0.15125	-0.15996	-0.66824
156.711	-139.322	-0.03064	-0.18794	168.799	-0.69026	-106.198	0.85384	-0.52727	0.98791
0.39367	-0.46384	-0.64850	125.126	0.61883	-0.88237	-0.17891	-0.31681	-116.416	-0.27399
156.974	-121.059	-0.06783	0.18720	158.180	-0.88205	-0.68587	0.49438	-0.89448	0.58876
0.62074	-0.42210	-0.81488	-0.36484	-0.46911	-177.984	-103.360	-130.392	-0.56981	-0.05618
152.955	-108.186	-0.00783	-0.46501	0.38270	-178.054	-139.842	0.14080	0.98103	0.29162
106.806	-0.88213	-0.51020	-0.66685	0.33673	-138.513	-126.774	-0.46689	-0.46181	0.55539
0.05246	0.08145	-0.69871	233.628	-0.19293	-152.530	0.41775	-0.94241	-0.67724	-147.806
0.20421	-0.09360	-0.87871	148.241	0.07901	-127.300	0.16719	-116.310	-165.216	-0.81243
144.176	-0.94111	-0.14716	0.39462	102.867	-131.667	-0.53622	-0.01519	-0.68985	0.08343
0.86628	-0.89538	-0.41724	0.34302	0.94866	-0.82602	-0.78379	0.17339	-0.69498	0.41412
0.23883	-0.33902	-0.78962	117.216	0.35161	-0.97301	-0.19395	-0.62177	-127.906	-0.34801
0.70664	-124.138	-0.67074	-178.380	0.40402	-0.72171	-234.605	0.24592	0.21287	172.184
116.869	-0.92806	-0.13736	104.546	134.435	-0.88817	-0.30382	0.44516	-0.70874	0.02953
106.939	-107.546	-0.50960	-0.59543	0.99555	-0.79874	-119.464	-0.00962	-107.116	0.98247
126.868	-141.871	-0.30129	-181.054	0.56479	-108.879	-233.882	0.46917	0.76554	157.433
201.521	-139.762	0.28896	-0.40313	115.238	-154.290	-127.232	0.69844	0.74361	0.54928
0.66925	-0.60004	-0.74802	-0.43978	-0.11084	-147.314	-114.406	-0.89341	-0.57938	0.26025
0.70249	-0.49616	-0.47446	121.265	0.55328	-122.487	-0.15101	-0.38333	-0.86838	-0.46369
0.62051	-0.71195	-0.41391	107.414	0.86169	-0.81441	-0.45085	0.23148	-0.52290	-0.02660
106.743	-117.705	-0.42404	-120.877	0.51184	-108.569	-185.971	0.15859	0.21651	116.156
0.00558	-0.20358	-0.77834	113.855	-0.33331	-134.771	-0.51335	-0.66807	-0.06957	-0.62368
0.60508	-0.60863	-0.34887	173.577	101.740	-0.79397	-0.01519	0.27358	-0.71621	-0.39574
0.14989	-0.46620	-0.63190	195.512	104.342	-0.39541	0.12166	0.16903	-134.324	-0.31132
102.792	-0.58759	-0.21029	143.015	0.71871	-141.495	-0.03139	-0.15515	-0.49749	-0.65705
0.89316	-0.87354	-0.19331	143.533	143.394	-0.61690	-0.19092	0.66344	-0.70595	-0.01290
0.09800	-0.35635	-0.81738	172.929	0.87836	-0.47451	0.17202	-0.30886	-192.371	-0.30149
-0.08705	-0.22672	-0.93299	106.563	-0.05444	-100.656	-0.42148	-0.72052	-0.87128	-0.35968
0.39415	-101.268	-0.93373	-0.96263	0.82984	-0.23851	-156.997	-0.02243	-138.428	150.921
0.05412	-0.37128	-0.74073	116.673	0.16176	-0.94426	-0.48714	-0.28796	-0.42186	-0.30371
189.481	-157.860	0.13590	-100.198	137.700	-110.296	-165.647	0.89263	0.41504	121.825
142.644	-170.289	-0.25665	-166.085	161.561	-0.31625	-208.976	103.511	-0.35851	211.798
0.45922	-0.10751	-0.72885	148.468	0.00441	-158.123	0.20855	-123.025	-138.056	-100.840
225.674	-164.837	0.16800	-0.99076	185.532	-103.907	-128.692	0.69482	-0.67026	127.333
-0.03343	-0.10279	-0.83800	171.581	0.01995	-112.476	0.03130	-0.76801	-0.98773	-0.82254
0.08395	-0.18364	-0.94471	101.449	-0.05189	-117.319	-0.25493	-103.434	-129.972	-0.46646
105.007	-103.426	-0.40488	-0.08491	109.858	-0.78117	-0.95551	0.18425	-0.89635	0.71859
0.70567	-0.79360	-0.38817	112.837	118.042	-0.61884	-0.34614	0.36896	-0.89124	0.10599
0.90705	-107.443	-0.37936	0.15783	126.496	-0.52989	-0.94922	0.52978	-0.73187	0.77985
140.225	-116.297	0.15759	0.86402	140.724	-0.98039	-0.67327	102.787	0.39654	0.17248
0.98850	-111.510	-0.24696	0.49018	147.301	-0.47588	-0.79032	0.78326	-0.61286	0.66501
0.43990	-0.62596	-0.56673	0.51435	0.25359	-108.368	-0.88564	-0.10263	-0.02671	0.04878
0.55753	-0.94399	-0.47912	0.32614	0.94459	-0.51476	-104.148	0.54370	-0.29330	0.65310
0.19329	-0.40548	-0.76645	116.525	0.45195	-0.82780	-0.28612	-0.39486	-112.980	-0.21873
0.53275	-0.36512	-0.48460	153.689	0.33494	-132.318	-0.05560	-0.41751	-0.55977	-0.74627
122.863	-0.89918	0.02915	137.439	123.717	-109.377	-0.23313	0.60486	-0.08596	-0.27948
0.07378	-0.02055	-0.39954	335.977	0.42244	-116.209	0.82713	-0.09329	-0.33675	-171.188
131.089	-0.88353	-0.11731	0.69326	0.95146	-131.324	-0.48117	0.11580	-0.36047	-0.08740
0.57365	-104.692	-0.40531	117.167	191.533	0.17965	-0.41491	107.974	-133.126	0.71475
0.53900	-0.83360	-0.65171	0.00024	0.68156	-0.69347	-106.077	0.01612	-0.73152	0.64930
0.91784	-109.118	-0.34094	-0.13301	0.95540	-0.75207	-124.958	0.52278	-0.09176	0.79481
0.38050	-0.46498	-0.82303	0.55664	0.35027	-0.98850	-0.49868	-0.70049	-137.257	0.00764
108.595	-101.756	-0.36667	-0.04738	102.679	-0.88610	-0.94742	0.16334	-0.73915	0.62470
123.642	-0.87706	-0.06599	0.72078	0.76993	-139.897	-0.62772	0.25250	0.22394	-0.15477
0.25327	-0.80753	-0.88296	-0.64626	0.26103	-0.67548	-155.457	-0.18499	-0.51249	0.98119
0.05902	-131.764	0.30417	-0.42600	0.85630	-129.073	0.78342	0.05342	-0.54199	-104.297
0.37679	-0.84554	0.35107	-0.45825	115.527	0.00748	0.33947	-0.50745	0.19412	0.21290
0.33707	-0.86850	0.40786	-0.95332	0.81615	-120.480	0.06599	-0.54918	-0.49932	-0.88518
-0.45853	0.44189	-0.15458	-0.55398	106.420	-0.28466	159.824	-0.60948	-0.66151	-100.703
0.33987	-0.51566	0.34515	-117.529	0.62116	-145.898	-0.01332	-0.59610	-0.49955	-113.226
0.42014	0.04801	0.33679	-162.757	0.51644	-155.877	-0.37269	-103.509	-0.61343	-129.655
-0.92078	287.834	-0.77318	-136.832	0.33418	-0.88692	212.266	-0.92170	-0.79814	-222.151
-0.79151	-0.34798	-0.05555	-0.84539	0.70716	-237.966	175.816	-0.21608	-212.228	-300.253
-0.94348	-0.61761	-0.34755	0.75594	127.699	0.01994	308.946	0.69761	-0.38630	-0.79831
0.32455	0.74787	0.07731	-140.967	0.45693	-0.88867	0.06303	-0.88471	0.05102	-0.80547
-0.32684	-0.83367	-0.00906	0.03159	0.96359	-0.67451	172.225	0.32578	-0.30285	-0.85496
-0.20520	-145.891	0.20553	-0.07532	100.602	-112.966	136.012	0.28230	-0.68222	-110.382
-0.91055	0.44539	-0.32186	-0.42289	0.99827	-0.86512	232.026	-0.32032	-130.184	-189.186
-0.22926	-0.26818	0.07286	-0.75350	0.83462	-119.677	107.238	-0.40573	-0.89167	-145.597
-0.02286	-0.35020	0.08429	-0.58586	0.76955	-0.86962	0.94081	-0.18436	-0.24711	-0.88498
-0.30537	-0.28466	0.04957	-0.73784	0.81968	-132.370	118.683	-0.35478	-101.922	-162.862
0.06701	0.03720	0.26737	-163.144	0.59619	-195.331	0.06853	-107.102	-135.850	-201.767
-0.26277	-0.59220	0.12577	-0.75672	0.76940	-164.023	107.716	-0.25244	-114.934	-181.054
0.22918	-0.75125	0.26749	-0.40651	111.124	-0.12206	0.60359	-0.39649	0.07441	-0.02356
-109.863	142.648	-0.60784	-0.61707	0.70624	-0.94216	264.366	-0.31985	-115.163	-220.121
-113.650	0.02591	-0.45974	-0.08390	0.61787	-173.177	292.477	0.60766	-129.830	-256.807
0.10811	0.49655	0.26901	-183.939	0.77858	-145.770	-0.12747	-160.252	-138.659	-173.393
-0.13946	192.892	-0.23164	-163.387	0.55471	-0.61485	0.66059	-138.917	-0.45236	-126.808
-0.19618	-0.78914	-0.00997	0.14862	100.046	-0.24685	164.412	0.35888	0.14735	-0.34118
-0.04911	0.58525	-0.01526	-120.802	0.55285	-116.986	0.67156	-0.70745	-0.52350	-137.722
-0.08754	-0.29393	0.00666	-0.55493	0.58993	-115.007	110.623	0.06790	-0.19251	-111.882
0.64887	-0.29819	0.32913	-0.55355	119.485	0.83012	-0.01829	-0.81471	0.92904	108.629
0.29544	-0.00215	0.25427	-103.130	0.97994	-0.32946	0.15785	-100.501	-0.19728	-0.35655
0.23142	-178.615	0.51953	-0.46086	109.803	-113.621	0.38908	-0.21108	-0.70627	-0.78918
-0.43164	0.23825	-0.17002	-0.25746	111.956	0.02261	175.948	-0.35519	-0.31123	-0.62563
-0.21366	-0.63462	0.22613	-0.81903	104.577	-125.901	0.88432	-0.65496	-132.477	-155.349
-0.28207	0.16430	0.09590	-119.196	0.90702	-131.369	0.83388	-0.99888	-142.608	-181.641
-0.95734	104.107	-0.44527	-0.34451	121.627	0.03659	248.954	-0.63462	-0.97745	-128.938
0.69881	-0.55272	0.31389	-0.84965	0.42930	-0.87444	-0.17683	-0.10337	0.78822	-0.09731
0.04461	130.934	0.05254	-177.455	0.80440	-0.69795	0.13687	-173.479	-0.86736	-122.492
0.05937	-0.28914	0.08254	-0.55617	0.76712	-0.66466	0.86733	-0.18095	0.00314	-0.62390
-0.46574	0.65342	-0.36649	-0.24917	0.71318	-0.26966	198.207	0.07431	0.13120	-0.79928
0.27899	0.59071	0.26333	-193.507	0.53297	-162.684	-0.35448	-144.083	-101.025	-165.457
0.16963	-0.60340	0.04581	0.06137	0.91390	0.19980	114.160	0.27616	0.89712	0.39317
0.25235	-0.24013	0.13326	-0.53648	0.84898	-0.19509	0.61614	-0.30932	0.40173	-0.05896
0.62128	-0.79923	0.40162	-0.76014	0.77116	-0.56834	-0.12748	-0.37481	0.43017	0.01232
0.14268	0.12853	0.17507	-145.335	0.40733	-183.468	0.17791	-0.69931	-0.76981	-172.495
-0.30482	0.39102	-0.00015	-0.92565	106.853	-0.56408	107.976	-0.98833	-0.98194	-120.171
0.37431	-0.66589	0.38005	-115.114	0.61189	-152.934	-0.06127	-0.53556	-0.49206	-113.094
0.20580	-0.78599	0.22357	-0.63179	0.62051	-122.210	0.56702	0.00811	-0.09211	-0.86869
-0.06400	-0.78490	0.20289	-0.86022	0.55620	-198.702	0.75155	-0.08215	-0.94360	-183.892
0.23530	-0.36017	0.23696	-107.930	0.53484	-148.277	0.25114	-0.41118	-0.40177	-121.233
-0.53838	-107.272	-0.01847	0.18507	110.794	-0.77825	205.227	0.38357	-0.71380	-113.722
-104.586	107.081	-0.33325	-123.219	0.74924	-188.047	199.811	-0.89644	-227.997	-311.667
-0.01307	0.94936	-0.06705	-107.975	0.81881	-0.22254	0.72238	-0.99896	-0.14212	-0.63064
-0.07773	208.879	-0.28446	-125.753	0.88163	0.58624	0.83282	-147.945	0.19747	-0.20392
0.25626	0.47602	0.06081	-111.375	0.54590	-0.72717	0.32977	-0.64074	0.15022	-0.64957
0.40145	0.30730	0.25271	-146.841	0.62784	-0.98386	-0.20242	-107.280	-0.28120	-0.84462
-0.52843	-0.75304	-0.02067	-0.18263	0.96245	-115.580	182.558	0.14133	-0.97749	-154.218
-0.53827	0.85636	-0.15794	-0.60732	151.095	0.59743	161.507	-128.910	-0.85176	-0.56095
0.81439	-144.112	0.58623	-0.56131	0.95906	-0.33429	-0.37165	-0.31513	0.58317	0.46506
0.69088	0.42589	0.33532	-161.297	0.60991	-0.67133	-0.67961	-126.731	0.14756	-0.33756
0.14678	-0.77228	0.24769	-0.68669	0.74464	-117.022	0.57068	-0.19071	-0.34921	-0.94827
-0.06532	0.20484	-0.05503	-0.29430	113.416	0.49145	123.626	-0.46829	0.31612	0.12915
-0.54018	137.403	-0.25525	-144.428	0.56805	-142.933	125.127	-103.210	-132.333	-225.360
-0.08255	-167.443	0.38130	-0.53968	0.85446	-195.633	0.81856	0.04891	-123.979	-174.977
-0.56311	0.99027	-0.32382	-0.87012	0.59792	-105.104	168.374	-0.43237	-0.74401	-174.768
0.61335	0.07987	0.27992	-100.324	0.84745	0.02741	-0.19193	-0.88926	0.59320	0.31661
-0.17511	0.17914	0.06786	-141.220	0.39499	-221.013	0.64286	-0.59743	-128.506	-235.264
-0.68919	141.542	-0.42202	-0.81945	0.80892	-0.46052	190.862	-0.71359	-0.73082	-147.829
-0.72571	0.10364	-0.15132	-0.83889	0.67822	-191.678	175.817	-0.28261	-166.002	-257.639
-0.25021	-107.542	0.12364	-0.14715	0.99962	-0.94788	142.505	0.14749	-0.61777	-105.415
0.24732	-0.84379	0.33592	-0.72918	0.90013	-0.90388	0.35196	-0.42740	-0.34969	-0.68342
0.46785	-195.318	0.68828	-0.78578	100.743	-149.084	-0.19529	-0.41755	-0.82134	-0.90295
0.33560	-0.21257	0.38528	-168.653	0.48758	-203.073	-0.34516	-0.98461	-103.403	-176.409
0.53006	-0.43812	0.42101	-130.569	0.66274	-121.540	-0.36958	-0.82399	-0.30159	-0.79717
0.17656	-0.26059	0.33161	-129.085	0.87351	-121.599	0.08545	-104.480	-0.95795	-124.542
-0.07494	-208.230	0.23899	0.27490	0.78902	-140.608	142.877	0.99699	-0.18980	-0.95439
-0.11892	-0.10646	0.03920	-109.837	0.29161	-215.830	0.80623	-0.11738	-0.82331	-208.670
-0.27254	0.30341	-0.23735	-0.60076	0.26716	-143.156	149.239	0.33031	-0.04924	-150.189
-0.31596	0.10153	0.11288	-112.205	104.517	-111.883	0.89103	-108.365	-149.762	-170.745
-103.096	139.156	-0.40975	-115.411	0.81912	-136.678	207.784	-0.97966	-194.580	-269.923
110.103	-217.061	0.85647	-0.69904	0.91402	-0.82107	-0.97212	-0.28742	0.45233	0.38905
0.40070	-0.72146	0.55394	-159.142	0.76224	-185.391	-0.50573	-113.714	-124.860	-156.704
0.09835	-0.95668	0.25564	-0.46052	0.92627	-0.84513	0.74475	-0.15093	-0.30952	-0.69803
0.79437	-131.410	0.62150	-0.98720	0.74342	-110.777	-0.62067	-0.47943	0.07470	-0.27929
-0.19873	-0.39062	0.12079	-0.73481	0.91151	-112.157	100.793	-0.46259	-0.92650	-137.107
0.30148	0.19321	0.21356	-150.470	0.40099	-162.361	-0.06184	-0.78349	-0.49275	-140.561
-0.44900	-117.953	0.09528	-0.46372	0.59683	-233.730	151.133	0.40227	-136.374	-237.593
0.37341	-0.84482	0.42907	-127.002	0.49886	-201.269	-0.15888	-0.47084	-0.74358	-151.991
-0.36170	212.259	-0.23743	-212.672	0.37435	-164.485	0.62553	-163.883	-143.403	-247.526
-0.35798	0.29510	-0.18082	-0.72802	0.45568	-142.718	145.149	-0.00825	-0.52031	-169.245
0.12474	-0.77505	0.27246	-0.69662	0.86756	-102.674	0.56014	-0.34814	-0.47405	-0.89650
-107.944	-0.51962	-0.25330	-0.11612	0.87580	-178.252	266.816	0.36312	-174.483	-260.237
-0.33452	0.82480	-0.33346	-0.38289	0.72334	-0.07837	172.430	-0.12711	0.28924	-0.56729
0.71258	-104.700	0.49143	-0.72802	0.85263	-0.49547	-0.28288	-0.40872	0.44721	0.17194
-0.76702	-0.98635	-0.15144	0.11594	0.77430	-162.655	239.560	0.75448	-103.557	-199.693
0.19029	-169.226	0.42900	-0.70727	0.52492	-229.920	0.40047	0.25116	-0.80976	-169.529
-0.02224	-113.138	0.16140	-0.28124	0.67905	-133.369	108.526	0.38709	-0.25350	-107.038
0.39271	-0.95026	0.33151	-0.33034	109.776	0.00545	0.42107	-0.29395	0.38470	0.29900
0.82577	-0.21606	0.45740	-156.006	0.39883	-131.618	-0.86645	-0.84188	0.16628	-0.58964
-0.73276	154.077	-0.38548	-0.95558	0.98724	-0.30314	182.969	-108.424	-103.745	-150.930
-0.34296	205.737	-0.48758	-0.92896	0.64549	0.22196	150.802	-0.81635	0.29741	-0.58881
0.13914	-0.76134	0.36698	-136.498	0.45861	-245.089	0.09614	-0.48708	-127.236	-215.222
0.24533	-0.20339	0.21106	-0.73647	0.99919	-0.18752	0.42886	-0.69403	0.02042	-0.18091
